# This file was generated by Animated Java via MC-Build. It is not recommended to edit this file directly.
$data merge entity $(bone_ring3) { transformation: [-0.9876883405951378f,-0.15643446504023087f,1.5022025553036423e-16f,-6.938893903907228e-17f,-0.15643446504023087f,0.9876883405951378f,-1.5543122344752192e-15f,1.5368750000000015f,8.74556374326005e-17f,-1.5570675058728587e-15f,-1f,0.5520833333333308f,0f,0f,0f,1f], start_interpolation: 0, interpolation_duration: 1 }
$data merge entity $(bone_ring1) { transformation: [-0.8910065241883679f,-0.45399049973954675f,1.7797583114599315e-16f,-1.249000902703301e-16f,-0.45399049973954675f,0.8910065241883678f,-1.4432899320127035e-15f,1.5351562500000022f,5.512311693708996e-16f,-1.3536792535916388e-15f,-1f,1.0208333333333313f,0f,0f,0f,1f], start_interpolation: 0, interpolation_duration: 1 }
$data merge entity $(bone_ring2) { transformation: [-0.9510565162951535f,0.30901699437494745f,6.695352868347752e-17f,-9.71445146547012e-17f,0.30901699437494745f,0.9510565162951539f,-1.3322676295501882e-15f,1.5350781250000018f,-5.281641704355442e-16f,-1.2292181432284628e-15f,-1.0000000000000002f,0.8020833333333309f,0f,0f,0f,1f], start_interpolation: 0, interpolation_duration: 1 }