# This file was generated by Animated Java via MC-Build. It is not recommended to edit this file directly.
$data merge entity $(bone_ring3) { transformation: [-0.9876883405951378f,-0.15643446504023087f,1.5022025553036423e-16f,-6.938893903907228e-17f,-0.15643446504023087f,0.9876883405951378f,0f,1.536875f,-1.556923654730163e-16f,-2.18914342373089e-17f,-1f,0.5520831250000002f,0f,0f,0f,1f], start_interpolation: 0, interpolation_duration: 1 }
$data merge entity $(bone_ring1) { transformation: [-0.8910065241883679f,-0.45399049973954675f,1.7797583114599315e-16f,-1.249000902703301e-16f,-0.45399049973954675f,0.8910065241883678f,1.1102230246251565e-16f,1.5351562499999998f,-1.544118187097967e-16f,3.1223087951581506e-17f,-1f,1.0208331250000002f,0f,0f,0f,1f], start_interpolation: 0, interpolation_duration: 1 }
$data merge entity $(bone_ring2) { transformation: [-0.9510565162951535f,0.30901699437494745f,6.695352868347752e-17f,-9.71445146547012e-17f,0.30901699437494745f,0.9510565162951539f,2.2204460492503136e-16f,1.5350781249999998f,-4.7855275417803406e-17f,2.4902063572647555e-16f,-1.0000000000000002f,0.8020831250000002f,0f,0f,0f,1f], start_interpolation: 0, interpolation_duration: 1 }