# This file was generated by Animated Java via MC-Build. It is not recommended to edit this file directly.
$data merge entity $(bone_ring3) { transformation: [0.15643446504023117f,-0.9876883405951375f,2.889981336085088e-16f,-6.938893903907228e-17f,-0.9876883405951375f,-0.15643446504023106f,2.2204460492503128e-16f,1.536875f,-2.5566432191898014e-16f,-3.7773697039804763e-16f,-0.9999999999999999f,0.5520831250000002f,0f,0f,0f,1f], start_interpolation: 0, interpolation_duration: 1 }
$data merge entity $(bone_ring1) { transformation: [-0.45399049973954675f,0.8910065241883678f,-4.406877377903816e-17f,-1.249000902703301e-16f,0.8910065241883678f,0.45399049973954675f,1.1102230246251565e-16f,1.5351562499999998f,8.673423918283933e-17f,-1.2121634983976795e-17f,-1f,1.0208331250000002f,0f,0f,0f,1f], start_interpolation: 0, interpolation_duration: 1 }
$data merge entity $(bone_ring2) { transformation: [0.9510565162951532f,-0.30901699437494773f,1.7797583114599315e-16f,-9.71445146547012e-17f,-0.30901699437494773f,-0.9510565162951534f,2.220446049250313e-16f,1.5350781249999998f,4.7855275417803295e-17f,-4.710652406515069e-16f,-1f,0.8020831250000002f,0f,0f,0f,1f], start_interpolation: 0, interpolation_duration: 1 }