# This file was generated by Animated Java via MC-Build. It is not recommended to edit this file directly.
$data merge entity $(bone_ring3) { transformation: [0.30901699437494745f,-0.9510565162951536f,2.8899813360850883e-16f,-6.938893903907228e-17f,-0.9510565162951536f,-0.30901699437494745f,2.220446049250313e-16f,1.536875f,-2.288444523490503e-16f,-2.9610869074253074e-16f,-1f,0.5520831250000002f,0f,0f,0f,1f], start_interpolation: 0, interpolation_duration: 1 }
$data merge entity $(bone_ring1) { transformation: [-0.8090169943749473f,0.5877852522924732f,1.1442377452219667e-17f,-1.249000902703301e-16f,0.5877852522924732f,0.8090169943749475f,1.1102230246251565e-16f,1.5351562499999998f,3.143853686433293e-17f,2.957618674918985e-17f,-1f,1.0208331250000002f,0f,0f,0f,1f], start_interpolation: 0, interpolation_duration: 1 }
$data merge entity $(bone_ring2) { transformation: [0.8090169943749475f,-0.5877852522924729f,1.7797583114599315e-16f,-9.71445146547012e-17f,-0.5877852522924729f,-0.8090169943749475f,2.220446049250313e-16f,1.5350781249999998f,-8.694968809559067e-17f,-4.736653965992525e-16f,-1f,0.8020831250000002f,0f,0f,0f,1f], start_interpolation: 0, interpolation_duration: 1 }