# This file was generated by Animated Java via MC-Build. It is not recommended to edit this file directly.
$data merge entity $(bone_ring3) { transformation: [0.45399049973954675f,-0.8910065241883678f,2.8899813360850883e-16f,-6.938893903907228e-17f,-0.8910065241883678f,-0.45399049973954675f,-1.3322676295501878e-15f,1.5368750000000015f,1.1871457998978653e-15f,2.736754132146105e-16f,-1f,0.5520833333333308f,0f,0f,0f,1f], start_interpolation: 0, interpolation_duration: 1 }
$data merge entity $(bone_ring1) { transformation: [-0.9876883405951378f,0.15643446504023023f,9.470910429910641e-17f,-1.249000902703301e-16f,0.15643446504023023f,0.9876883405951378f,-1.5543122344752192e-15f,1.5351562500000022f,-3.293695104055989e-16f,-1.5187521124952894e-15f,-1f,1.0208333333333313f,0f,0f,0f,1f], start_interpolation: 0, interpolation_duration: 1 }
$data merge entity $(bone_ring2) { transformation: [0.5877852522924731f,-0.8090169943749472f,2.889981336085088e-16f,-9.71445146547012e-17f,-0.8090169943749472f,-0.5877852522924732f,-1.3322676295501877e-15f,1.5350781250000018f,1.1498100861423282e-15f,4.61966652569512e-16f,-0.9999999999999999f,0.8020833333333309f,0f,0f,0f,1f], start_interpolation: 0, interpolation_duration: 1 }