# This file was generated by Animated Java via MC-Build. It is not recommended to edit this file directly.
$data merge entity $(bone_ring3) { transformation: [0.45399049973954675f,-0.8910065241883678f,2.8899813360850883e-16f,-6.938893903907228e-17f,-0.8910065241883678f,-0.45399049973954675f,2.220446049250313e-16f,1.536875f,-1.9775654164535499e-16f,-4.319675748660858e-16f,-1f,0.5520831250000002f,0f,0f,0f,1f], start_interpolation: 0, interpolation_duration: 1 }
$data merge entity $(bone_ring1) { transformation: [-0.9876883405951378f,0.15643446504023023f,9.470910429910641e-17f,-1.249000902703301e-16f,0.15643446504023023f,0.9876883405951378f,0f,1.5351562499999998f,-8.622150749998308e-17f,1.6423959140260466e-17f,-1f,1.0208331250000002f,0f,0f,0f,1f], start_interpolation: 0, interpolation_duration: 1 }
$data merge entity $(bone_ring2) { transformation: [0.5877852522924731f,-0.8090169943749472f,2.889981336085088e-16f,-9.71445146547012e-17f,-0.8090169943749472f,-0.5877852522924732f,2.2204460492503128e-16f,1.5350781249999998f,-1.0765492611302177e-16f,-4.516351563127825e-16f,-0.9999999999999999f,0.8020831250000002f,0f,0f,0f,1f], start_interpolation: 0, interpolation_duration: 1 }