# This file was generated by Animated Java via MC-Build. It is not recommended to edit this file directly.
$data merge entity $(bone_ring3) { transformation: [0.5877852522924729f,-0.8090169943749477f,1.7797583114599315e-16f,-6.938893903907228e-17f,-0.8090169943749477f,-0.5877852522924728f,2.220446049250313e-16f,1.536875f,-5.2143774881764054e-17f,-2.295905513877512e-16f,-1f,0.5520831250000002f,0f,0f,0f,1f], start_interpolation: 0, interpolation_duration: 1 }
$data merge entity $(bone_ring1) { transformation: [-0.9510565162951536f,-0.3090169943749472f,1.5022025553036426e-16f,-1.249000902703301e-16f,-0.30901699437494723f,0.9510565162951539f,2.2204460492503136e-16f,1.5351562499999998f,-1.8508638828001504e-16f,1.7333330111779258e-16f,-1.0000000000000002f,1.0208331250000002f,0f,0f,0f,1f], start_interpolation: 0, interpolation_duration: 1 }
$data merge entity $(bone_ring2) { transformation: [0.30901699437494834f,-0.9510565162951532f,2.8899813360850883e-16f,-9.71445146547012e-17f,-0.9510565162951532f,-0.3090169943749485f,2.220446049250313e-16f,1.5350781249999998f,-1.7333330111779228e-16f,-4.0713099320504654e-16f,-1f,0.8020831250000002f,0f,0f,0f,1f], start_interpolation: 0, interpolation_duration: 1 }