# This file was generated by Animated Java via MC-Build. It is not recommended to edit this file directly.
$data merge entity $(bone_ring3) { transformation: [0.8090169943749475f,-0.5877852522924731f,1.7797583114599315e-16f,-6.938893903907228e-17f,-0.5877852522924731f,-0.8090169943749475f,-1.1102230246251565e-15f,1.5368750000000015f,8.266521207867036e-16f,7.837996156560979e-16f,-1f,0.5520833333333308f,0f,0f,0f,1f], start_interpolation: 0, interpolation_duration: 1 }
$data merge entity $(bone_ring1) { transformation: [-0.3090169943749477f,-0.9510565162951536f,3.4450928483976665e-16f,-1.249000902703301e-16f,-0.9510565162951536f,0.3090169943749478f,-1.3322676295501878e-15f,1.5351562500000022f,1.1737069919972046e-15f,-6.391864728980603e-16f,-1f,1.0208333333333313f,0f,0f,0f,1f], start_interpolation: 0, interpolation_duration: 1 }
$data merge entity $(bone_ring2) { transformation: [-0.30901699437494723f,-0.9510565162951535f,2.889981336085088e-16f,-9.71445146547012e-17f,-0.9510565162951536f,0.3090169943749471f,-1.554312234475219e-15f,1.5350781250000018f,1.2292181432284624e-15f,-7.502087753605751e-16f,-0.9999999999999999f,0.8020833333333309f,0f,0f,0f,1f], start_interpolation: 0, interpolation_duration: 1 }