# This file was generated by Animated Java via MC-Build. It is not recommended to edit this file directly.
$data merge entity $(bone_ring3) { transformation: [0.8090169943749475f,-0.5877852522924731f,1.7797583114599315e-16f,-6.938893903907228e-17f,-0.5877852522924731f,-0.8090169943749475f,4.440892098500626e-16f,1.536875f,-8.694968809559072e-17f,-4.736653965992525e-16f,-1f,0.5520831250000002f,0f,0f,0f,1f], start_interpolation: 0, interpolation_duration: 1 }
$data merge entity $(bone_ring1) { transformation: [-0.3090169943749477f,-0.9510565162951536f,3.4450928483976665e-16f,-1.249000902703301e-16f,-0.9510565162951536f,0.3090169943749478f,2.220446049250313e-16f,1.5351562499999998f,-3.045317869577334e-16f,-1.58877577880319e-16f,-1f,1.0208331250000002f,0f,0f,0f,1f], start_interpolation: 0, interpolation_duration: 1 }
$data merge entity $(bone_ring2) { transformation: [-0.30901699437494723f,-0.9510565162951535f,2.889981336085088e-16f,-9.71445146547012e-17f,-0.9510565162951536f,0.3090169943749471f,-2.465190328815662e-32f,1.5350781249999998f,-2.4902063572647545e-16f,-2.6989988034283484e-16f,-0.9999999999999999f,0.8020831250000002f,0f,0f,0f,1f], start_interpolation: 0, interpolation_duration: 1 }