# This file was generated by Animated Java via MC-Build. It is not recommended to edit this file directly.
$data merge entity $(bone_ring3) { transformation: [0.8910065241883678f,-0.4539904997395469f,2.0573140676162206e-16f,-6.938893903907228e-17f,-0.45399049973954697f,-0.8910065241883678f,-1.1102230246251565e-15f,1.5368750000000015f,7.139536757129808e-16f,1.020439046196739e-15f,-1f,0.5520833333333308f,0f,0f,0f,1f], start_interpolation: 0, interpolation_duration: 1 }
$data merge entity $(bone_ring1) { transformation: [0.15643446504023162f,-0.9876883405951377f,3.4450928483976665e-16f,-1.249000902703301e-16f,-0.9876883405951377f,-0.15643446504023156f,-1.3322676295501878e-15f,1.5351562500000022f,1.3350229009478274e-15f,-1.345889674924299e-16f,-1f,1.0208333333333313f,0f,0f,0f,1f], start_interpolation: 0, interpolation_duration: 1 }
$data merge entity $(bone_ring2) { transformation: [-0.587785252292473f,-0.8090169943749475f,1.7797583114599315e-16f,-9.71445146547012e-17f,-0.8090169943749475f,0.5877852522924729f,-1.3322676295501878e-15f,1.5350781250000018f,9.503330693498714e-16f,-9.931855744804768e-16f,-1f,0.8020833333333309f,0f,0f,0f,1f], start_interpolation: 0, interpolation_duration: 1 }