# This file was generated by Animated Java via MC-Build. It is not recommended to edit this file directly.
$data merge entity $(bone_ring3) { transformation: [0.8910065241883678f,-0.4539904997395469f,2.0573140676162206e-16f,-6.938893903907228e-17f,-0.45399049973954697f,-0.8910065241883678f,4.440892098500626e-16f,1.536875f,8.310687632284103e-18f,-3.6446329534648147e-16f,-1f,0.5520831250000002f,0f,0f,0f,1f], start_interpolation: 0, interpolation_duration: 1 }
$data merge entity $(bone_ring1) { transformation: [0.15643446504023162f,-0.9876883405951377f,3.4450928483976665e-16f,-1.249000902703301e-16f,-0.9876883405951377f,-0.15643446504023156f,2.220446049250313e-16f,1.5351562499999998f,-2.0015317068772229e-16f,-3.777369703980478e-16f,-1f,1.0208331250000002f,0f,0f,0f,1f], start_interpolation: 0, interpolation_duration: 1 }
$data merge entity $(bone_ring2) { transformation: [-0.587785252292473f,-0.8090169943749475f,1.7797583114599315e-16f,-9.71445146547012e-17f,-0.8090169943749475f,0.5877852522924729f,2.220446049250313e-16f,1.5350781249999998f,-3.0713194290547896e-16f,-7.958376559818281e-17f,-1f,0.8020831250000002f,0f,0f,0f,1f], start_interpolation: 0, interpolation_duration: 1 }