# This file was generated by Animated Java via MC-Build. It is not recommended to edit this file directly.
$data merge entity $(bone_ring3) { transformation: [0.9510565162951541f,-0.30901699437494756f,1.7797583114599317e-16f,-6.938893903907228e-17f,-0.30901699437494756f,-0.9510565162951539f,-8.881784197001256e-16f,1.5368750000000015f,5.281641704355444e-16f,1.2292181432284628e-15f,-1.0000000000000002f,0.5520833333333308f,0f,0f,0f,1f], start_interpolation: 0, interpolation_duration: 1 }
$data merge entity $(bone_ring1) { transformation: [0.5877852522924729f,-0.8090169943749477f,1.7797583114599315e-16f,-1.249000902703301e-16f,-0.8090169943749477f,-0.5877852522924729f,-1.3322676295501878e-15f,1.5351562500000022f,1.2053212373735868e-15f,6.840112574945428e-16f,-1f,1.0208333333333313f,0f,0f,0f,1f], start_interpolation: 0, interpolation_duration: 1 }
$data merge entity $(bone_ring2) { transformation: [-0.8090169943749473f,-0.5877852522924732f,2.33486982377251e-16f,-9.71445146547012e-17f,-0.5877852522924732f,0.8090169943749475f,-1.4432899320127035e-15f,1.5350781250000018f,6.840112574945433e-16f,-1.37185469106736e-15f,-1f,0.8020833333333309f,0f,0f,0f,1f], start_interpolation: 0, interpolation_duration: 1 }