# This file was generated by Animated Java via MC-Build. It is not recommended to edit this file directly.
$data merge entity $(bone_ring3) { transformation: [0.9876883405951378f,-0.15643446504023098f,1.5022025553036423e-16f,-6.938893903907228e-17f,-0.15643446504023098f,-0.9876883405951378f,-1.1102230246251565e-15f,1.5368750000000015f,3.293695104055999e-16f,1.0746629026452268e-15f,-1f,0.5520833333333308f,0f,0f,0f,1f], start_interpolation: 0, interpolation_duration: 1 }
$data merge entity $(bone_ring1) { transformation: [0.8910065241883678f,-0.45399049973954625f,1.7797583114599312e-16f,-1.249000902703301e-16f,-0.45399049973954625f,-0.891006524188368f,-1.3322676295501875e-15f,1.5351562500000022f,7.139536757129798e-16f,7.983944412717078e-16f,-0.9999999999999998f,1.0208333333333313f,0f,0f,0f,1f], start_interpolation: 0, interpolation_duration: 1 }
$data merge entity $(bone_ring2) { transformation: [-0.9510565162951535f,-0.3090169943749476f,1.7797583114599315e-16f,-9.71445146547012e-17f,-0.3090169943749476f,0.9510565162951534f,-1.5543122344752192e-15f,1.5350781250000018f,2.952225067377259e-16f,-1.5269500827621764e-15f,-1f,0.8020833333333309f,0f,0f,0f,1f], start_interpolation: 0, interpolation_duration: 1 }