# This file was generated by Animated Java via MC-Build. It is not recommended to edit this file directly.
$data merge entity $(bone_ring3) { transformation: [0.9876883405951378f,-0.15643446504023098f,1.5022025553036423e-16f,-6.938893903907228e-17f,-0.15643446504023098f,-0.9876883405951378f,4.440892098500626e-16f,1.536875f,8.622150749998291e-17f,-4.605131689903232e-16f,-1f,0.5520831250000002f,0f,0f,0f,1f], start_interpolation: 0, interpolation_duration: 1 }
$data merge entity $(bone_ring1) { transformation: [0.8910065241883678f,-0.45399049973954625f,1.7797583114599312e-16f,-1.249000902703301e-16f,-0.45399049973954625f,-0.891006524188368f,2.2204460492503126e-16f,1.5351562499999998f,8.310687632284263e-18f,-5.865079002715127e-16f,-0.9999999999999998f,1.0208331250000002f,0f,0f,0f,1f], start_interpolation: 0, interpolation_duration: 1 }
$data merge entity $(bone_ring2) { transformation: [-0.9510565162951535f,-0.3090169943749476f,1.7797583114599315e-16f,-9.71445146547012e-17f,-0.3090169943749476f,0.9510565162951534f,0f,1.5350781249999998f,-1.850863882800151e-16f,-4.871130380723888e-17f,-1f,0.8020831250000002f,0f,0f,0f,1f], start_interpolation: 0, interpolation_duration: 1 }