# This file was generated by Animated Java via MC-Build. It is not recommended to edit this file directly.
$data merge entity $(bone_ring3) { transformation: [-0.9510565162951535f,-0.30901699437494745f,1.7797583114599317e-16f,-6.938893903907228e-17f,-0.30901699437494745f,0.9510565162951539f,-1.3322676295501882e-15f,1.5368750000000015f,2.952225067377257e-16f,-1.3049054778371459e-15f,-1.0000000000000002f,0.5520833333333308f,0f,0f,0f,1f], start_interpolation: 0, interpolation_duration: 1 }
$data merge entity $(bone_ring1) { transformation: [-0.5877852522924731f,-0.8090169943749473f,2.33486982377251e-16f,-1.249000902703301e-16f,-0.8090169943749473f,0.5877852522924731f,-1.4432899320127035e-15f,1.5351562500000022f,1.1168665230436447e-15f,-9.93185574480477e-16f,-1f,1.0208333333333313f,0f,0f,0f,1f], start_interpolation: 0, interpolation_duration: 1 }
$data merge entity $(bone_ring2) { transformation: [-0.8090169943749475f,0.587785252292473f,1.1442377452219667e-17f,-9.71445146547012e-17f,0.587785252292473f,0.8090169943749475f,-1.5543122344752192e-15f,1.5350781250000018f,-8.821632720179613e-16f,-1.2278888255061605e-15f,-1f,0.8020833333333309f,0f,0f,0f,1f], start_interpolation: 0, interpolation_duration: 1 }