# This file was generated by Animated Java via MC-Build. It is not recommended to edit this file directly.
$data merge entity $(bone_ring3) { transformation: [-0.9510565162951535f,-0.30901699437494745f,1.7797583114599317e-16f,-6.938893903907228e-17f,-0.30901699437494745f,0.9510565162951539f,2.2204460492503136e-16f,1.536875f,-1.8508638828001506e-16f,1.7333330111779253e-16f,-1.0000000000000002f,0.5520831250000002f,0f,0f,0f,1f], start_interpolation: 0, interpolation_duration: 1 }
$data merge entity $(bone_ring1) { transformation: [-0.5877852522924731f,-0.8090169943749473f,2.33486982377251e-16f,-1.249000902703301e-16f,-0.8090169943749473f,0.5877852522924731f,1.1102230246251565e-16f,1.5351562499999998f,-1.4059848921170548e-16f,-7.958376559818274e-17f,-1f,1.0208331250000002f,0f,0f,0f,1f], start_interpolation: 0, interpolation_duration: 1 }
$data merge entity $(bone_ring2) { transformation: [-0.8090169943749475f,0.587785252292473f,1.1442377452219667e-17f,-9.71445146547012e-17f,0.587785252292473f,0.8090169943749475f,0f,1.5350781249999998f,3.1438536864332866e-17f,2.9576186749189826e-17f,-1f,0.8020831250000002f,0f,0f,0f,1f], start_interpolation: 0, interpolation_duration: 1 }