# This file was generated by Animated Java via MC-Build. It is not recommended to edit this file directly.
$data merge entity $(bone_ring3) { transformation: [0.9876883405951378f,0.15643446504023073f,9.470910429910641e-17f,-6.938893903907228e-17f,0.15643446504023073f,-0.9876883405951378f,4.440892098500626e-16f,1.536875f,1.5569236547301627e-16f,-4.221977756127537e-16f,-1f,0.5520831250000002f,0f,0f,0f,1f], start_interpolation: 0, interpolation_duration: 1 }
$data merge entity $(bone_ring1) { transformation: [0.8910065241883678f,0.4539904997395473f,3.919795306784858e-17f,-1.249000902703301e-16f,0.4539904997395473f,-0.8910065241883677f,4.440892098500626e-16f,1.5351562499999998f,2.0992296994105466e-16f,-1.4224539041409706e-16f,-1f,1.0208331250000002f,0f,0f,0f,1f], start_interpolation: 0, interpolation_duration: 1 }
$data merge entity $(bone_ring2) { transformation: [-0.9510565162951536f,0.3090169943749472f,9.470910429910643e-17f,-9.71445146547012e-17f,0.30901699437494723f,0.9510565162951539f,2.2204460492503136e-16f,1.5350781249999998f,-4.785527541780348e-17f,2.490206357264755e-16f,-1.0000000000000002f,0.8020831250000002f,0f,0f,0f,1f], start_interpolation: 0, interpolation_duration: 1 }