# This file was generated by Animated Java via MC-Build. It is not recommended to edit this file directly.
$data merge entity $(bone_ring3) { transformation: [0.9876883405951378f,0.15643446504023073f,9.470910429910641e-17f,-6.938893903907228e-17f,0.15643446504023073f,-0.9876883405951378f,-1.1102230246251565e-15f,1.5368750000000015f,-8.745563743260031e-17f,1.1129782960227961e-15f,-1f,0.5520833333333308f,0f,0f,0f,1f], start_interpolation: 0, interpolation_duration: 1 }
$data merge entity $(bone_ring1) { transformation: [0.8910065241883678f,0.4539904997395473f,3.919795306784858e-17f,-1.249000902703301e-16f,0.4539904997395473f,-0.8910065241883677f,-1.1102230246251565e-15f,1.5351562500000022f,-4.957200181396425e-16f,1.2426569511291232e-15f,-1f,1.0208333333333313f,0f,0f,0f,1f], start_interpolation: 0, interpolation_duration: 1 }
$data merge entity $(bone_ring2) { transformation: [-0.9510565162951536f,0.3090169943749472f,9.470910429910643e-17f,-9.71445146547012e-17f,0.30901699437494723f,0.9510565162951539f,-1.3322676295501882e-15f,1.5350781250000018f,-5.281641704355439e-16f,-1.2292181432284628e-15f,-1.0000000000000002f,0.8020833333333309f,0f,0f,0f,1f], start_interpolation: 0, interpolation_duration: 1 }