# This file was generated by Animated Java via MC-Build. It is not recommended to edit this file directly.
$data merge entity $(bone_ring3) { transformation: [0.9510565162951532f,0.30901699437494773f,6.695352868347749e-17f,-6.938893903907228e-17f,0.30901699437494773f,-0.9510565162951534f,2.220446049250313e-16f,1.536875f,1.850863882800151e-16f,-3.9537790604282374e-16f,-1f,0.5520831250000002f,0f,0f,0f,1f], start_interpolation: 0, interpolation_duration: 1 }
$data merge entity $(bone_ring1) { transformation: [0.5877852522924731f,0.8090169943749471f,1.1442377452219642e-17f,-1.249000902703301e-16f,0.8090169943749471f,-0.5877852522924732f,1.1102230246251563e-16f,1.5351562499999998f,2.516207916742211e-16f,-3.6450544425187993e-16f,-0.9999999999999999f,1.0208331250000002f,0f,0f,0f,1f], start_interpolation: 0, interpolation_duration: 1 }
$data merge entity $(bone_ring2) { transformation: [-0.809016994374947f,0.5877852522924737f,1.1442377452219691e-17f,-9.71445146547012e-17f,0.5877852522924737f,0.8090169943749472f,2.2204460492503136e-16f,1.5350781249999998f,3.1438536864333064e-17f,2.516207916742212e-16f,-1.0000000000000002f,0.8020831250000002f,0f,0f,0f,1f], start_interpolation: 0, interpolation_duration: 1 }