# This file was generated by Animated Java via MC-Build. It is not recommended to edit this file directly.
$data merge entity $(bone_ring3) { transformation: [0.9510565162951532f,0.30901699437494773f,6.695352868347749e-17f,-6.938893903907228e-17f,0.30901699437494773f,-0.9510565162951534f,-1.3322676295501878e-15f,1.5368750000000015f,-2.952225067377262e-16f,1.0828608729121138e-15f,-1f,0.5520833333333308f,0f,0f,0f,1f], start_interpolation: 0, interpolation_duration: 1 }
$data merge entity $(bone_ring1) { transformation: [0.5877852522924731f,0.8090169943749471f,1.1442377452219642e-17f,-1.249000902703301e-16f,0.8090169943749471f,-0.5877852522924732f,-1.4432899320127033e-15f,1.5351562500000022f,-1.0058442205811288e-15f,5.490963646304146e-16f,-0.9999999999999999f,1.0208333333333313f,0f,0f,0f,1f], start_interpolation: 0, interpolation_duration: 1 }
$data merge entity $(bone_ring2) { transformation: [-0.809016994374947f,0.5877852522924737f,1.1442377452219691e-17f,-9.71445146547012e-17f,0.5877852522924737f,0.8090169943749472f,-1.3322676295501882e-15f,1.5350781250000018f,-8.821632720179621e-16f,-1.0058442205811288e-15f,-1.0000000000000002f,0.8020833333333309f,0f,0f,0f,1f], start_interpolation: 0, interpolation_duration: 1 }