# This file was generated by Animated Java via MC-Build. It is not recommended to edit this file directly.
$data merge entity $(bone_ring3) { transformation: [0.8910065241883678f,0.4539904997395462f,3.9197953067848556e-17f,-6.938893903907228e-17f,0.4539904997395462f,-0.891006524188368f,2.2204460492503126e-16f,1.536875f,2.0992296994105441e-16f,-4.753122978016442e-16f,-0.9999999999999998f,0.5520831250000002f,0f,0f,0f,1f], start_interpolation: 0, interpolation_duration: 1 }
$data merge entity $(bone_ring1) { transformation: [0.15643446504023206f,0.9876883405951373f,-4.4068773779038185e-17f,-1.249000902703301e-16f,0.9876883405951373f,-0.15643446504023223f,1.110223024625156e-16f,1.5351562499999998f,2.384685640652919e-16f,-2.468453998875644e-16f,-0.9999999999999998f,1.0208331250000002f,0f,0f,0f,1f], start_interpolation: 0, interpolation_duration: 1 }
$data merge entity $(bone_ring2) { transformation: [-0.5877852522924741f,0.8090169943749467f,-4.406877377903816e-17f,-9.71445146547012e-17f,0.8090169943749468f,0.5877852522924742f,2.220446049250313e-16f,1.5350781249999998f,1.0765492611302155e-16f,1.1856824892523573e-16f,-1f,0.8020831250000002f,0f,0f,0f,1f], start_interpolation: 0, interpolation_duration: 1 }