# This file was generated by Animated Java via MC-Build. It is not recommended to edit this file directly.
$data merge entity $(bone_ring3) { transformation: [0.8910065241883678f,0.4539904997395462f,3.9197953067848556e-17f,-6.938893903907228e-17f,0.4539904997395462f,-0.891006524188368f,-1.3322676295501875e-15f,1.5368750000000015f,-4.95720018139641e-16f,9.095900437415764e-16f,-0.9999999999999998f,0.5520833333333308f,0f,0f,0f,1f], start_interpolation: 0, interpolation_duration: 1 }
$data merge entity $(bone_ring1) { transformation: [0.15643446504023206f,0.9876883405951373f,-4.4068773779038185e-17f,-1.249000902703301e-16f,0.9876883405951373f,-0.15643446504023223f,-1.4432899320127031e-15f,1.5351562500000022f,-1.2967075075702573e-15f,-3.69739698194547e-18f,-0.9999999999999998f,1.0208333333333313f,0f,0f,0f,1f], start_interpolation: 0, interpolation_duration: 1 }
$data merge entity $(bone_ring2) { transformation: [-0.5877852522924741f,0.8090169943749467f,-4.406877377903816e-17f,-9.71445146547012e-17f,0.8090169943749468f,0.5877852522924742f,-1.3322676295501878e-15f,1.5350781250000018f,-1.1498100861423278e-15f,-7.950335599570604e-16f,-1f,0.8020833333333309f,0f,0f,0f,1f], start_interpolation: 0, interpolation_duration: 1 }