# This file was generated by Animated Java via MC-Build. It is not recommended to edit this file directly.
$data merge entity $(bone_ring3) { transformation: [0.8090169943749475f,0.5877852522924729f,6.695352868347749e-17f,-6.938893903907228e-17f,0.5877852522924729f,-0.8090169943749475f,-1.3322676295501878e-15f,1.5368750000000015f,-6.28500106263285e-16f,9.277654812172973e-16f,-1f,0.5520833333333308f,0f,0f,0f,1f], start_interpolation: 0, interpolation_duration: 1 }
$data merge entity $(bone_ring1) { transformation: [-0.3090169943749468f,0.9510565162951539f,-4.406877377903816e-17f,-1.249000902703301e-16f,0.9510565162951539f,0.30901699437494695f,-1.3322676295501878e-15f,1.5351562500000022f,-1.3604166290684035e-15f,-2.95222506737725e-16f,-1f,1.0208333333333313f,0f,0f,0f,1f], start_interpolation: 0, interpolation_duration: 1 }
$data merge entity $(bone_ring2) { transformation: [-0.3090169943749477f,0.9510565162951536f,-9.957992501029599e-17f,-9.71445146547012e-17f,0.9510565162951536f,0.3090169943749478f,-1.3322676295501878e-15f,1.5350781250000018f,-1.2493943266058877e-15f,-4.062448092002418e-16f,-1f,0.8020833333333309f,0f,0f,0f,1f], start_interpolation: 0, interpolation_duration: 1 }