# This file was generated by Animated Java via MC-Build. It is not recommended to edit this file directly.
$data merge entity $(bone_ring3) { transformation: [0.5877852522924731f,0.8090169943749472f,-4.4068773779038185e-17f,-6.938893903907228e-17f,0.8090169943749472f,-0.5877852522924732f,-1.3322676295501877e-15f,1.5368750000000015f,-1.0058442205811288e-15f,6.601186670929302e-16f,-0.9999999999999999f,0.5520833333333308f,0f,0f,0f,1f], start_interpolation: 0, interpolation_duration: 1 }
$data merge entity $(bone_ring1) { transformation: [-0.951056516295154f,0.3090169943749462f,6.695352868347749e-17f,-1.249000902703301e-16f,0.3090169943749462f,0.9510565162951541f,-1.4432899320127035e-15f,1.5351562500000022f,-5.281641704355426e-16f,-1.4512627481534945e-15f,-1f,1.0208333333333313f,0f,0f,0f,1f], start_interpolation: 0, interpolation_duration: 1 }
$data merge entity $(bone_ring2) { transformation: [0.309016994374947f,0.9510565162951535f,-4.4068773779038185e-17f,-9.71445146547012e-17f,0.9510565162951536f,-0.3090169943749471f,-1.3322676295501877e-15f,1.5350781250000018f,-1.2292181432284626e-15f,3.0611956551051243e-16f,-0.9999999999999999f,0.8020833333333309f,0f,0f,0f,1f], start_interpolation: 0, interpolation_duration: 1 }