# This file was generated by Animated Java via MC-Build. It is not recommended to edit this file directly.
$data merge entity $(bone_ring3) { transformation: [0.5877852522924731f,0.8090169943749472f,-4.4068773779038185e-17f,-6.938893903907228e-17f,0.8090169943749472f,-0.5877852522924732f,2.2204460492503128e-16f,1.536875f,2.516207916742211e-16f,-2.5348314178936427e-16f,-0.9999999999999999f,0.5520831250000002f,0f,0f,0f,1f], start_interpolation: 0, interpolation_duration: 1 }
$data merge entity $(bone_ring1) { transformation: [-0.951056516295154f,0.3090169943749462f,6.695352868347749e-17f,-1.249000902703301e-16f,0.3090169943749462f,0.9510565162951541f,1.1102230246251565e-16f,1.5351562499999998f,-4.785527541780374e-17f,2.697603080144412e-17f,-1f,1.0208331250000002f,0f,0f,0f,1f], start_interpolation: 0, interpolation_duration: 1 }
$data merge entity $(bone_ring2) { transformation: [0.309016994374947f,0.9510565162951535f,-4.4068773779038185e-17f,-9.71445146547012e-17f,0.9510565162951536f,-0.3090169943749471f,2.2204460492503128e-16f,1.5350781249999998f,2.4902063572647545e-16f,-1.7418932950722783e-16f,-0.9999999999999999f,0.8020831250000002f,0f,0f,0f,1f], start_interpolation: 0, interpolation_duration: 1 }