# This file was generated by Animated Java via MC-Build. It is not recommended to edit this file directly.
$data merge entity $(bone_ring3) { transformation: [0.45399049973954697f,0.8910065241883678f,1.1442377452219667e-17f,-6.938893903907228e-17f,0.8910065241883678f,-0.45399049973954697f,-1.3322676295501878e-15f,1.5368750000000015f,-1.2424836511217702e-15f,7.139536757129808e-16f,-1f,0.5520833333333308f,0f,0f,0f,1f], start_interpolation: 0, interpolation_duration: 1 }
$data merge entity $(bone_ring1) { transformation: [-0.9876883405951377f,-0.15643446504023126f,1.5022025553036423e-16f,-1.249000902703301e-16f,-0.15643446504023126f,0.9876883405951378f,-1.5543122344752192e-15f,1.5351562500000022f,8.7455637432601e-17f,-1.5570675058728587e-15f,-1f,1.0208333333333313f,0f,0f,0f,1f], start_interpolation: 0, interpolation_duration: 1 }
$data merge entity $(bone_ring2) { transformation: [0.5877852522924729f,0.8090169943749477f,6.695352868347749e-17f,-9.71445146547012e-17f,0.8090169943749477f,-0.5877852522924729f,-1.3322676295501878e-15f,1.5350781250000018f,-1.0613553718123874e-15f,8.821632720179612e-16f,-1f,0.8020833333333309f,0f,0f,0f,1f], start_interpolation: 0, interpolation_duration: 1 }