# This file was generated by Animated Java via MC-Build. It is not recommended to edit this file directly.
$data merge entity $(bone_ring3) { transformation: [0.30901699437494834f,0.9510565162951532f,-4.406877377903816e-17f,-6.938893903907228e-17f,0.9510565162951532f,-0.3090169943749485f,-1.3322676295501878e-15f,1.5368750000000015f,-1.2292181432284618e-15f,3.061195655105142e-16f,-1f,0.5520833333333308f,0f,0f,0f,1f], start_interpolation: 0, interpolation_duration: 1 }
$data merge entity $(bone_ring1) { transformation: [-0.8090169943749477f,-0.5877852522924727f,2.889981336085088e-16f,-1.249000902703301e-16f,-0.5877852522924727f,0.8090169943749476f,-1.6653345369377346e-15f,1.5351562500000022f,6.285001062632847e-16f,-1.5938992959923912e-15f,-0.9999999999999999f,1.0208333333333313f,0f,0f,0f,1f], start_interpolation: 0, interpolation_duration: 1 }
$data merge entity $(bone_ring2) { transformation: [0.8090169943749461f,0.5877852522924749f,6.695352868347749e-17f,-9.71445146547012e-17f,0.5877852522924749f,-0.8090169943749461f,-1.1102230246251565e-15f,1.5350781250000018f,-6.285001062632878e-16f,1.0387877836798114e-15f,-1f,0.8020833333333309f,0f,0f,0f,1f], start_interpolation: 0, interpolation_duration: 1 }