# This file was generated by Animated Java via MC-Build. It is not recommended to edit this file directly.
$data merge entity $(bone_ring3) { transformation: [0.30901699437494834f,0.9510565162951532f,-4.406877377903816e-17f,-6.938893903907228e-17f,0.9510565162951532f,-0.3090169943749485f,2.220446049250313e-16f,1.536875f,2.490206357264755e-16f,-1.7418932950722817e-16f,-1f,0.5520831250000002f,0f,0f,0f,1f], start_interpolation: 0, interpolation_duration: 1 }
$data merge entity $(bone_ring1) { transformation: [-0.8090169943749477f,-0.5877852522924727f,2.889981336085088e-16f,-1.249000902703301e-16f,-0.5877852522924727f,0.8090169943749476f,-1.1102230246251568e-16f,1.5351562499999998f,-2.8510170261900896e-16f,-3.3643428373704073e-16f,-0.9999999999999999f,1.0208331250000002f,0f,0f,0f,1f], start_interpolation: 0, interpolation_duration: 1 }
$data merge entity $(bone_ring2) { transformation: [0.8090169943749461f,0.5877852522924749f,6.695352868347749e-17f,-9.71445146547012e-17f,0.5877852522924749f,-0.8090169943749461f,4.440892098500626e-16f,1.5350781249999998f,2.8510170261900926e-16f,-2.1867722857553694e-16f,-1f,0.8020831250000002f,0f,0f,0f,1f], start_interpolation: 0, interpolation_duration: 1 }