# This file was generated by Animated Java via MC-Build. It is not recommended to edit this file directly.
$data merge entity $(bone_ring3) { transformation: [0.15643446504023117f,0.9876883405951375f,-4.4068773779038185e-17f,-6.938893903907228e-17f,0.9876883405951375f,-0.15643446504023106f,2.2204460492503128e-16f,1.536875f,2.9397971529654967e-16f,-1.3582309742504844e-16f,-0.9999999999999999f,0.5520831250000002f,0f,0f,0f,1f], start_interpolation: 0, interpolation_duration: 1 }
$data merge entity $(bone_ring1) { transformation: [-0.4539904997395465f,-0.8910065241883681f,2.33486982377251e-16f,-1.249000902703301e-16f,-0.8910065241883681f,0.4539904997395466f,2.2204460492503136e-16f,1.5351562499999998f,-2.5344099288396587e-16f,-8.310687632284226e-18f,-1.0000000000000002f,1.0208331250000002f,0f,0f,0f,1f], start_interpolation: 0, interpolation_duration: 1 }
$data merge entity $(bone_ring2) { transformation: [0.9510565162951532f,0.30901699437494773f,6.695352868347749e-17f,-9.71445146547012e-17f,0.30901699437494773f,-0.9510565162951534f,2.220446049250313e-16f,1.5350781249999998f,1.850863882800151e-16f,-3.9537790604282374e-16f,-1f,0.8020831250000002f,0f,0f,0f,1f], start_interpolation: 0, interpolation_duration: 1 }