# This file was generated by Animated Java via MC-Build. It is not recommended to edit this file directly.
$data merge entity $(bone_ring3) { transformation: [-0.8910065241883679f,-0.45399049973954675f,1.7797583114599315e-16f,-6.938893903907228e-17f,-0.45399049973954675f,0.8910065241883678f,-1.4432899320127035e-15f,1.5368750000000015f,5.512311693708996e-16f,-1.3536792535916388e-15f,-1f,0.5520833333333308f,0f,0f,0f,1f], start_interpolation: 0, interpolation_duration: 1 }
$data merge entity $(bone_ring1) { transformation: [-0.15643446504023084f,-0.9876883405951377f,2.33486982377251e-16f,-1.249000902703301e-16f,-0.9876883405951377f,0.15643446504023079f,-1.3322676295501878e-15f,1.5351562500000022f,1.1856852051077422e-15f,-5.514141153306309e-16f,-1f,1.0208333333333313f,0f,0f,0f,1f], start_interpolation: 0, interpolation_duration: 1 }
$data merge entity $(bone_ring2) { transformation: [-0.5877852522924731f,0.8090169943749473f,1.1442377452219667e-17f,-9.71445146547012e-17f,0.8090169943749473f,0.5877852522924731f,-1.4432899320127035e-15f,1.5350781250000018f,-1.260832388604844e-15f,-7.950335599570588e-16f,-1f,0.8020833333333309f,0f,0f,0f,1f], start_interpolation: 0, interpolation_duration: 1 }