# This file was generated by Animated Java via MC-Build. It is not recommended to edit this file directly.
$data merge entity $(bone_ring3) { transformation: [-0.8910065241883679f,-0.45399049973954675f,1.7797583114599315e-16f,-6.938893903907228e-17f,-0.45399049973954675f,0.8910065241883678f,1.1102230246251565e-16f,1.536875f,-1.544118187097967e-16f,3.1223087951581506e-17f,-1f,0.5520831250000002f,0f,0f,0f,1f], start_interpolation: 0, interpolation_duration: 1 }
$data merge entity $(bone_ring1) { transformation: [-0.15643446504023084f,-0.9876883405951377f,2.33486982377251e-16f,-1.249000902703301e-16f,-0.9876883405951377f,0.15643446504023079f,2.220446049250313e-16f,1.5351562499999998f,-3.4949086652780745e-16f,-3.0826611242501427e-16f,-1f,1.0208331250000002f,0f,0f,0f,1f], start_interpolation: 0, interpolation_duration: 1 }
$data merge entity $(bone_ring2) { transformation: [-0.5877852522924731f,0.8090169943749473f,1.1442377452219667e-17f,-9.71445146547012e-17f,0.8090169943749473f,0.5877852522924731f,1.1102230246251565e-16f,1.5350781249999998f,-3.3673763494938467e-18f,1.1856824892523553e-16f,-1f,0.8020831250000002f,0f,0f,0f,1f], start_interpolation: 0, interpolation_duration: 1 }