# This file was generated by Animated Java via MC-Build. It is not recommended to edit this file directly.
$data merge entity $(bone_ring3) { transformation: [-0.1564344650402305f,0.9876883405951379f,1.1442377452219667e-17f,-6.938893903907228e-17f,0.9876883405951379f,0.15643446504023062f,-1.3322676295501878e-15f,1.5368750000000015f,-1.224000598485312e-15f,-8.745563743260014e-17f,-1f,0.5520833333333308f,0f,0f,0f,1f], start_interpolation: 0, interpolation_duration: 1 }
$data merge entity $(bone_ring1) { transformation: [0.45399049973954564f,-0.8910065241883686f,2.33486982377251e-16f,-1.249000902703301e-16f,-0.8910065241883686f,-0.4539904997395456f,-1.1102230246251565e-15f,1.5351562500000022f,1.242656951129124e-15f,4.957200181396401e-16f,-1f,1.0208333333333313f,0f,0f,0f,1f], start_interpolation: 0, interpolation_duration: 1 }
$data merge entity $(bone_ring2) { transformation: [0.9510565162951541f,-0.30901699437494706f,1.7797583114599317e-16f,-9.71445146547012e-17f,-0.30901699437494706f,-0.9510565162951539f,-1.110223024625157e-15f,1.5350781250000018f,5.281641704355438e-16f,1.229218143228463e-15f,-1.0000000000000002f,0.8020833333333309f,0f,0f,0f,1f], start_interpolation: 0, interpolation_duration: 1 }