# This file was generated by Animated Java via MC-Build. It is not recommended to edit this file directly.
$data merge entity $(bone_ring3) { transformation: [-0.1564344650402305f,0.9876883405951379f,1.1442377452219667e-17f,-6.938893903907228e-17f,0.9876883405951379f,0.15643446504023062f,2.220446049250313e-16f,1.536875f,3.111754731502381e-16f,1.5569236547301627e-16f,-1f,0.5520831250000002f,0f,0f,0f,1f], start_interpolation: 0, interpolation_duration: 1 }
$data merge entity $(bone_ring1) { transformation: [0.45399049973954564f,-0.8910065241883686f,2.33486982377251e-16f,-1.249000902703301e-16f,-0.8910065241883686f,-0.4539904997395456f,4.440892098500626e-16f,1.5351562499999998f,-1.4224539041409748e-16f,-2.0992296994105437e-16f,-1f,1.0208331250000002f,0f,0f,0f,1f], start_interpolation: 0, interpolation_duration: 1 }
$data merge entity $(bone_ring2) { transformation: [0.9510565162951541f,-0.30901699437494706f,1.7797583114599317e-16f,-9.71445146547012e-17f,-0.30901699437494706f,-0.9510565162951539f,4.440892098500626e-16f,1.5350781249999998f,4.7855275417803566e-17f,-2.490206357264755e-16f,-1.0000000000000002f,0.8020831250000002f,0f,0f,0f,1f], start_interpolation: 0, interpolation_duration: 1 }