# This file was generated by Animated Java via MC-Build. It is not recommended to edit this file directly.
$data merge entity $(bone_ring3) { transformation: [-0.30901699437494723f,0.9510565162951535f,-4.4068773779038185e-17f,-6.938893903907228e-17f,0.9510565162951536f,0.3090169943749471f,-2.465190328815662e-32f,1.536875f,1.7333330111779253e-16f,-3.695821664501632e-17f,-0.9999999999999999f,0.5520831250000002f,0f,0f,0f,1f], start_interpolation: 0, interpolation_duration: 1 }
$data merge entity $(bone_ring1) { transformation: [0.8090169943749475f,-0.5877852522924737f,2.33486982377251e-16f,-1.249000902703301e-16f,-0.5877852522924737f,-0.8090169943749472f,4.440892098500626e-16f,1.5351562499999998f,-3.1438536864333014e-17f,-2.516207916742212e-16f,-1.0000000000000002f,1.0208331250000002f,0f,0f,0f,1f], start_interpolation: 0, interpolation_duration: 1 }
$data merge entity $(bone_ring2) { transformation: [0.8090169943749475f,-0.5877852522924727f,1.7797583114599312e-16f,-9.71445146547012e-17f,-0.5877852522924727f,-0.8090169943749476f,2.2204460492503128e-16f,1.5350781249999998f,-8.694968809559062e-17f,-5.84687699061768e-16f,-0.9999999999999999f,0.8020831250000002f,0f,0f,0f,1f], start_interpolation: 0, interpolation_duration: 1 }