# This file was generated by Animated Java via MC-Build. It is not recommended to edit this file directly.
$data merge entity $(bone_ring3) { transformation: [-0.30901699437494723f,0.9510565162951535f,-4.4068773779038185e-17f,-6.938893903907228e-17f,0.9510565162951536f,0.3090169943749471f,-1.554312234475219e-15f,1.5368750000000015f,-1.3049054778371455e-15f,-5.172671116627566e-16f,-0.9999999999999999f,0.5520833333333308f,0f,0f,0f,1f], start_interpolation: 0, interpolation_duration: 1 }
$data merge entity $(bone_ring1) { transformation: [0.8090169943749475f,-0.5877852522924737f,2.33486982377251e-16f,-1.249000902703301e-16f,-0.5877852522924737f,-0.8090169943749472f,-1.110223024625157e-15f,1.5351562500000022f,8.821632720179621e-16f,1.0058442205811288e-15f,-1.0000000000000002f,1.0208333333333313f,0f,0f,0f,1f], start_interpolation: 0, interpolation_duration: 1 }
$data merge entity $(bone_ring2) { transformation: [0.8090169943749475f,-0.5877852522924727f,1.7797583114599312e-16f,-9.71445146547012e-17f,-0.5877852522924727f,-0.8090169943749476f,-1.3322676295501877e-15f,1.5350781250000018f,8.26652120786703e-16f,6.727773131935825e-16f,-0.9999999999999999f,0.8020833333333309f,0f,0f,0f,1f], start_interpolation: 0, interpolation_duration: 1 }