# This file was generated by Animated Java via MC-Build. It is not recommended to edit this file directly.
$data merge entity $(bone_ring3) { transformation: [-0.45399049973954675f,0.8910065241883678f,-4.406877377903816e-17f,-6.938893903907228e-17f,0.8910065241883678f,0.45399049973954675f,-1.4432899320127035e-15f,1.5368750000000015f,-1.298168102360381e-15f,-7.177646230646732e-16f,-1f,0.5520833333333308f,0f,0f,0f,1f], start_interpolation: 0, interpolation_duration: 1 }
$data merge entity $(bone_ring1) { transformation: [0.9876883405951378f,-0.1564344650402306f,1.5022025553036423e-16f,-1.249000902703301e-16f,-0.1564344650402306f,-0.9876883405951378f,-1.3322676295501878e-15f,1.5351562500000022f,3.2936951040559935e-16f,1.0746629026452268e-15f,-1f,1.0208333333333313f,0f,0f,0f,1f], start_interpolation: 0, interpolation_duration: 1 }
$data merge entity $(bone_ring2) { transformation: [0.5877852522924731f,-0.8090169943749471f,2.3348698237725095e-16f,-9.71445146547012e-17f,-0.8090169943749471f,-0.5877852522924732f,-1.4432899320127033e-15f,1.5350781250000018f,1.1498100861423282e-15f,3.509443501069963e-16f,-0.9999999999999999f,0.8020833333333309f,0f,0f,0f,1f], start_interpolation: 0, interpolation_duration: 1 }