# This file was generated by Animated Java via MC-Build. It is not recommended to edit this file directly.
$data merge entity $(bone_ring3) { transformation: [-0.45399049973954675f,0.8910065241883678f,-4.406877377903816e-17f,-6.938893903907228e-17f,0.8910065241883678f,0.45399049973954675f,1.1102230246251565e-16f,1.536875f,8.673423918283933e-17f,-1.2121634983976795e-17f,-1f,0.5520831250000002f,0f,0f,0f,1f], start_interpolation: 0, interpolation_duration: 1 }
$data merge entity $(bone_ring1) { transformation: [0.9876883405951378f,-0.1564344650402306f,1.5022025553036423e-16f,-1.249000902703301e-16f,-0.1564344650402306f,-0.9876883405951378f,2.220446049250313e-16f,1.5351562499999998f,8.622150749998299e-17f,-4.605131689903231e-16f,-1f,1.0208331250000002f,0f,0f,0f,1f], start_interpolation: 0, interpolation_duration: 1 }
$data merge entity $(bone_ring2) { transformation: [0.5877852522924731f,-0.8090169943749471f,2.3348698237725095e-16f,-9.71445146547012e-17f,-0.8090169943749471f,-0.5877852522924732f,1.1102230246251563e-16f,1.5350781249999998f,-1.0765492611302175e-16f,-5.626574587752982e-16f,-0.9999999999999999f,0.8020831250000002f,0f,0f,0f,1f], start_interpolation: 0, interpolation_duration: 1 }