# This file was generated by Animated Java via MC-Build. It is not recommended to edit this file directly.
$data merge entity $(bone_ring3) { transformation: [-0.587785252292473f,0.8090169943749475f,6.695352868347749e-17f,-6.938893903907228e-17f,0.8090169943749475f,0.5877852522924729f,2.220446049250313e-16f,1.536875f,1.6316607734427966e-16f,1.185682489252355e-16f,-1f,0.5520831250000002f,0f,0f,0f,1f], start_interpolation: 0, interpolation_duration: 1 }
$data merge entity $(bone_ring1) { transformation: [0.9510565162951532f,0.30901699437494856f,6.695352868347749e-17f,-1.249000902703301e-16f,0.30901699437494856f,-0.9510565162951533f,4.440892098500626e-16f,1.5351562499999998f,1.8508638828001526e-16f,-2.8435560358030794e-16f,-1f,1.0208331250000002f,0f,0f,0f,1f], start_interpolation: 0, interpolation_duration: 1 }
$data merge entity $(bone_ring2) { transformation: [0.3090169943749479f,-0.9510565162951534f,2.8899813360850883e-16f,-9.71445146547012e-17f,-0.9510565162951534f,-0.3090169943749479f,2.220446049250313e-16f,1.5350781249999998f,-1.7333330111779238e-16f,-4.0713099320504645e-16f,-1f,0.8020831250000002f,0f,0f,0f,1f], start_interpolation: 0, interpolation_duration: 1 }