# This file was generated by Animated Java via MC-Build. It is not recommended to edit this file directly.
$data merge entity $(bone_ring3) { transformation: [-0.587785252292473f,0.8090169943749475f,6.695352868347749e-17f,-6.938893903907228e-17f,0.8090169943749475f,0.5877852522924729f,-1.3322676295501878e-15f,1.5368750000000015f,-1.0942989349110708e-15f,-7.950335599570585e-16f,-1f,0.5520833333333308f,0f,0f,0f,1f], start_interpolation: 0, interpolation_duration: 1 }
$data merge entity $(bone_ring1) { transformation: [0.9510565162951532f,0.30901699437494856f,6.695352868347749e-17f,-1.249000902703301e-16f,0.30901699437494856f,-0.9510565162951533f,-1.1102230246251565e-15f,1.5351562500000022f,-2.952225067377273e-16f,1.1938831753746295e-15f,-1f,1.0208333333333313f,0f,0f,0f,1f], start_interpolation: 0, interpolation_duration: 1 }
$data merge entity $(bone_ring2) { transformation: [0.3090169943749479f,-0.9510565162951534f,2.8899813360850883e-16f,-9.71445146547012e-17f,-0.9510565162951534f,-0.3090169943749479f,-1.3322676295501878e-15f,1.5350781250000018f,1.3049054778371451e-15f,7.317790181269505e-17f,-1f,0.8020833333333309f,0f,0f,0f,1f], start_interpolation: 0, interpolation_duration: 1 }