# This file was generated by Animated Java via MC-Build. It is not recommended to edit this file directly.
$data merge entity $(bone_ring3) { transformation: [-0.8090169943749473f,0.5877852522924732f,1.1442377452219667e-17f,-6.938893903907228e-17f,0.5877852522924732f,0.8090169943749475f,1.1102230246251565e-16f,1.536875f,3.143853686433293e-17f,2.957618674918985e-17f,-1f,0.5520831250000002f,0f,0f,0f,1f], start_interpolation: 0, interpolation_duration: 1 }
$data merge entity $(bone_ring1) { transformation: [0.3090169943749481f,0.9510565162951534f,6.695352868347749e-17f,-1.249000902703301e-16f,0.9510565162951534f,-0.309016994374948f,2.220446049250313e-16f,1.5351562499999998f,1.935094844952177e-16f,4.785527541780326e-17f,-1f,1.0208331250000002f,0f,0f,0f,1f], start_interpolation: 0, interpolation_duration: 1 }
$data merge entity $(bone_ring2) { transformation: [-0.3090169943749468f,-0.9510565162951539f,2.8899813360850883e-16f,-9.71445146547012e-17f,-0.9510565162951539f,0.30901699437494695f,2.220446049250313e-16f,1.5350781249999998f,-1.9350948449521763e-16f,-4.7855275417803566e-17f,-1f,0.8020831250000002f,0f,0f,0f,1f], start_interpolation: 0, interpolation_duration: 1 }