# This file was generated by Animated Java via MC-Build. It is not recommended to edit this file directly.
$data merge entity $(bone_ring3) { transformation: [-0.8910065241883678f,0.453990499739547f,3.919795306784858e-17f,-6.938893903907228e-17f,0.45399049973954697f,0.8910065241883678f,-1.4432899320127035e-15f,1.5368750000000015f,-7.139536757129808e-16f,-1.2424836511217702e-15f,-1f,0.5520833333333308f,0f,0f,0f,1f], start_interpolation: 0, interpolation_duration: 1 }
$data merge entity $(bone_ring1) { transformation: [-0.1564344650402294f,0.9876883405951378f,-4.4068773779038185e-17f,-1.249000902703301e-16f,0.9876883405951378f,0.1564344650402293f,-1.554312234475219e-15f,1.5351562500000022f,-1.2795117497165694e-15f,-4.2052254482014535e-16f,-0.9999999999999999f,1.0208333333333313f,0f,0f,0f,1f], start_interpolation: 0, interpolation_duration: 1 }
$data merge entity $(bone_ring2) { transformation: [-0.5877852522924729f,-0.8090169943749477f,1.7797583114599315e-16f,-9.71445146547012e-17f,-0.8090169943749477f,0.5877852522924729f,-1.3322676295501878e-15f,1.5350781250000018f,9.503330693498718e-16f,-8.821632720179612e-16f,-1f,0.8020833333333309f,0f,0f,0f,1f], start_interpolation: 0, interpolation_duration: 1 }