# This file was generated by Animated Java via MC-Build. It is not recommended to edit this file directly.
$data merge entity $(bone_ring3) { transformation: [-0.8910065241883678f,0.453990499739547f,3.919795306784858e-17f,-6.938893903907228e-17f,0.45399049973954697f,0.8910065241883678f,1.1102230246251565e-16f,1.536875f,-8.310687632284103e-18f,1.4241869042145017e-16f,-1f,0.5520831250000002f,0f,0f,0f,1f], start_interpolation: 0, interpolation_duration: 1 }
$data merge entity $(bone_ring1) { transformation: [-0.1564344650402294f,0.9876883405951378f,-4.4068773779038185e-17f,-1.249000902703301e-16f,0.9876883405951378f,0.1564344650402293f,-2.465190328815662e-32f,1.5351562499999998f,2.556643219189804e-16f,-1.77374541914531e-16f,-0.9999999999999999f,1.0208331250000002f,0f,0f,0f,1f], start_interpolation: 0, interpolation_duration: 1 }
$data merge entity $(bone_ring2) { transformation: [-0.5877852522924729f,-0.8090169943749477f,1.7797583114599315e-16f,-9.71445146547012e-17f,-0.8090169943749477f,0.5877852522924729f,2.220446049250313e-16f,1.5350781249999998f,-3.07131942905479e-16f,3.1438536864332805e-17f,-1f,0.8020831250000002f,0f,0f,0f,1f], start_interpolation: 0, interpolation_duration: 1 }