# This file was generated by Animated Java via MC-Build. It is not recommended to edit this file directly.
$data merge entity $(bone_ring3) { transformation: [-0.9510565162951535f,0.3090169943749476f,6.695352868347749e-17f,-6.938893903907228e-17f,0.3090169943749476f,0.9510565162951534f,0f,1.536875f,-4.785527541780337e-17f,2.6976030801444145e-17f,-1f,0.5520831250000002f,0f,0f,0f,1f], start_interpolation: 0, interpolation_duration: 1 }
$data merge entity $(bone_ring1) { transformation: [-0.587785252292474f,0.8090169943749469f,-4.406877377903816e-17f,-1.249000902703301e-16f,0.8090169943749468f,0.5877852522924741f,2.220446049250313e-16f,1.5351562499999998f,1.0765492611302156e-16f,2.295905513877514e-16f,-1f,1.0208331250000002f,0f,0f,0f,1f], start_interpolation: 0, interpolation_duration: 1 }
$data merge entity $(bone_ring2) { transformation: [-0.8090169943749471f,-0.5877852522924736f,2.33486982377251e-16f,-9.71445146547012e-17f,-0.5877852522924736f,0.8090169943749473f,2.2204460492503136e-16f,1.5350781249999998f,-2.295905513877513e-16f,-3.3673763494939207e-18f,-1.0000000000000002f,0.8020831250000002f,0f,0f,0f,1f], start_interpolation: 0, interpolation_duration: 1 }