# This file was generated by Animated Java via MC-Build. It is not recommended to edit this file directly.
$data merge entity $(bone_ring3) { transformation: [-0.9510565162951535f,0.3090169943749476f,6.695352868347749e-17f,-6.938893903907228e-17f,0.3090169943749476f,0.9510565162951534f,-1.5543122344752192e-15f,1.5368750000000015f,-5.281641704355444e-16f,-1.4512627481534933e-15f,-1f,0.5520833333333308f,0f,0f,0f,1f], start_interpolation: 0, interpolation_duration: 1 }
$data merge entity $(bone_ring1) { transformation: [-0.587785252292474f,0.8090169943749469f,-4.406877377903816e-17f,-1.249000902703301e-16f,0.8090169943749468f,0.5877852522924741f,-1.3322676295501878e-15f,1.5351562500000022f,-1.1498100861423278e-15f,-6.840112574945445e-16f,-1f,1.0208333333333313f,0f,0f,0f,1f], start_interpolation: 0, interpolation_duration: 1 }
$data merge entity $(bone_ring2) { transformation: [-0.8090169943749471f,-0.5877852522924736f,2.33486982377251e-16f,-9.71445146547012e-17f,-0.5877852522924736f,0.8090169943749473f,-1.3322676295501882e-15f,1.5350781250000018f,6.840112574945438e-16f,-1.260832388604844e-15f,-1.0000000000000002f,0.8020833333333309f,0f,0f,0f,1f], start_interpolation: 0, interpolation_duration: 1 }