# This file was generated by Animated Java via MC-Build. It is not recommended to edit this file directly.
$data merge entity $(bone_ring3) { transformation: [-0.9876883405951378f,0.15643446504023023f,9.470910429910641e-17f,-6.938893903907228e-17f,0.15643446504023023f,0.9876883405951378f,0f,1.536875f,-8.622150749998308e-17f,1.6423959140260466e-17f,-1f,0.5520831250000002f,0f,0f,0f,1f], start_interpolation: 0, interpolation_duration: 1 }
$data merge entity $(bone_ring1) { transformation: [-0.8910065241883679f,0.45399049973954664f,6.695352868347747e-17f,-1.249000902703301e-16f,0.45399049973954664f,0.8910065241883679f,-2.465190328815662e-32f,1.5351562499999998f,-8.310687632284189e-18f,3.1396387958934487e-17f,-0.9999999999999999f,1.0208331250000002f,0f,0f,0f,1f], start_interpolation: 0, interpolation_duration: 1 }
$data merge entity $(bone_ring2) { transformation: [-0.951056516295154f,-0.3090169943749462f,1.7797583114599315e-16f,-9.71445146547012e-17f,-0.3090169943749462f,0.9510565162951541f,1.1102230246251565e-16f,1.5350781249999998f,-1.8508638828001484e-16f,-4.871130380723858e-17f,-1f,0.8020831250000002f,0f,0f,0f,1f], start_interpolation: 0, interpolation_duration: 1 }