# This file was generated by Animated Java via MC-Build. It is not recommended to edit this file directly.
$data merge entity $(bone_ring3) { transformation: [-0.9876883405951378f,0.15643446504023023f,9.470910429910641e-17f,-6.938893903907228e-17f,0.15643446504023023f,0.9876883405951378f,-1.5543122344752192e-15f,1.5368750000000015f,-3.293695104055989e-16f,-1.5187521124952894e-15f,-1f,0.5520833333333308f,0f,0f,0f,1f], start_interpolation: 0, interpolation_duration: 1 }
$data merge entity $(bone_ring1) { transformation: [-0.8910065241883679f,0.45399049973954664f,6.695352868347747e-17f,-1.249000902703301e-16f,0.45399049973954664f,0.8910065241883679f,-1.554312234475219e-15f,1.5351562500000022f,-7.139536757129803e-16f,-1.353505953584286e-15f,-0.9999999999999999f,1.0208333333333313f,0f,0f,0f,1f], start_interpolation: 0, interpolation_duration: 1 }
$data merge entity $(bone_ring2) { transformation: [-0.951056516295154f,-0.3090169943749462f,1.7797583114599315e-16f,-9.71445146547012e-17f,-0.3090169943749462f,0.9510565162951541f,-1.4432899320127035e-15f,1.5350781250000018f,2.9522250673772404e-16f,-1.5269500827621772e-15f,-1f,0.8020833333333309f,0f,0f,0f,1f], start_interpolation: 0, interpolation_duration: 1 }