# This file was generated by Animated Java via MC-Build. It is not recommended to edit this file directly.
$data merge entity $(bone_ring3) { transformation: [-0.8090169943749475f,-0.587785252292473f,2.33486982377251e-16f,-6.938893903907228e-17f,-0.587785252292473f,0.8090169943749475f,-1.5543122344752192e-15f,1.5368750000000015f,6.840112574945431e-16f,-1.37185469106736e-15f,-1f,0.5520833333333308f,0f,0f,0f,1f], start_interpolation: 0, interpolation_duration: 1 }
$data merge entity $(bone_ring1) { transformation: [0.30901699437494745f,-0.9510565162951536f,2.8899813360850883e-16f,-1.249000902703301e-16f,-0.9510565162951536f,-0.30901699437494745f,-1.3322676295501878e-15f,1.5351562500000022f,1.2493943266058877e-15f,1.8420020427521006e-16f,-1f,1.0208333333333313f,0f,0f,0f,1f], start_interpolation: 0, interpolation_duration: 1 }
$data merge entity $(bone_ring2) { transformation: [-0.30901699437494745f,0.9510565162951536f,-4.406877377903816e-17f,-9.71445146547012e-17f,0.9510565162951536f,0.30901699437494745f,-1.3322676295501878e-15f,1.5350781250000018f,-1.3604166290684033e-15f,-4.0624480920024137e-16f,-1f,0.8020833333333309f,0f,0f,0f,1f], start_interpolation: 0, interpolation_duration: 1 }