# This file was generated by Animated Java via MC-Build. It is not recommended to edit this file directly.
$data merge entity $(bone_ring3) { transformation: [-0.5877852522924731f,-0.8090169943749473f,2.33486982377251e-16f,-6.938893903907228e-17f,-0.8090169943749473f,0.5877852522924731f,1.1102230246251565e-16f,1.536875f,-1.4059848921170548e-16f,-7.958376559818274e-17f,-1f,0.5520831250000002f,0f,0f,0f,1f], start_interpolation: 0, interpolation_duration: 1 }
$data merge entity $(bone_ring1) { transformation: [0.9510565162951541f,-0.30901699437494756f,1.7797583114599317e-16f,-1.249000902703301e-16f,-0.30901699437494756f,-0.9510565162951539f,6.661338147750939e-16f,1.5351562499999998f,4.7855275417803455e-17f,-2.4902063572647555e-16f,-1.0000000000000002f,1.0208331250000002f,0f,0f,0f,1f], start_interpolation: 0, interpolation_duration: 1 }
$data merge entity $(bone_ring2) { transformation: [0.30901699437494745f,0.9510565162951536f,-4.406877377903816e-17f,-9.71445146547012e-17f,0.9510565162951536f,-0.30901699437494745f,2.220446049250313e-16f,1.5350781249999998f,3.0453178695773333e-16f,-6.316702704471222e-17f,-1f,0.8020831250000002f,0f,0f,0f,1f], start_interpolation: 0, interpolation_duration: 1 }