# This file was generated by Animated Java via MC-Build. It is not recommended to edit this file directly.
$data merge entity $(bone_ring3) { transformation: [-0.5877852522924731f,-0.8090169943749473f,2.33486982377251e-16f,-6.938893903907228e-17f,-0.8090169943749473f,0.5877852522924731f,-1.4432899320127035e-15f,1.5368750000000015f,1.1168665230436447e-15f,-9.93185574480477e-16f,-1f,0.5520833333333308f,0f,0f,0f,1f], start_interpolation: 0, interpolation_duration: 1 }
$data merge entity $(bone_ring1) { transformation: [0.9510565162951541f,-0.30901699437494756f,1.7797583114599317e-16f,-1.249000902703301e-16f,-0.30901699437494756f,-0.9510565162951539f,-8.881784197001256e-16f,1.5351562500000022f,5.281641704355444e-16f,1.2292181432284628e-15f,-1.0000000000000002f,1.0208333333333313f,0f,0f,0f,1f], start_interpolation: 0, interpolation_duration: 1 }
$data merge entity $(bone_ring2) { transformation: [0.30901699437494745f,0.9510565162951536f,-4.406877377903816e-17f,-9.71445146547012e-17f,0.9510565162951536f,-0.30901699437494745f,-1.3322676295501878e-15f,1.5350781250000018f,-1.1737069919972046e-15f,4.171418679730286e-16f,-1f,0.8020833333333309f,0f,0f,0f,1f], start_interpolation: 0, interpolation_duration: 1 }