# This file was generated by Animated Java via MC-Build. It is not recommended to edit this file directly.
$data merge entity $(bone_ring3) { transformation: [-0.45399049973954697f,-0.8910065241883678f,2.33486982377251e-16f,-6.938893903907228e-17f,-0.8910065241883678f,0.45399049973954697f,2.220446049250313e-16f,1.536875f,-3.6446329534648147e-16f,-8.310687632284103e-18f,-1f,0.5520831250000002f,0f,0f,0f,1f], start_interpolation: 0, interpolation_duration: 1 }
$data merge entity $(bone_ring1) { transformation: [0.9876883405951378f,0.15643446504023073f,9.470910429910641e-17f,-1.249000902703301e-16f,0.15643446504023073f,-0.9876883405951378f,4.440892098500626e-16f,1.5351562499999998f,1.5569236547301627e-16f,-4.221977756127537e-16f,-1f,1.0208331250000002f,0f,0f,0f,1f], start_interpolation: 0, interpolation_duration: 1 }
$data merge entity $(bone_ring2) { transformation: [0.5877852522924729f,0.8090169943749477f,6.695352868347749e-17f,-9.71445146547012e-17f,0.8090169943749477f,-0.5877852522924728f,2.220446049250313e-16f,1.5350781249999998f,1.9610964044296336e-16f,-3.143853686433278e-17f,-1f,0.8020831250000002f,0f,0f,0f,1f], start_interpolation: 0, interpolation_duration: 1 }