# This file was generated by Animated Java via MC-Build. It is not recommended to edit this file directly.
$data merge entity $(bone_ring3) { transformation: [-0.45399049973954697f,-0.8910065241883678f,2.33486982377251e-16f,-6.938893903907228e-17f,-0.8910065241883678f,0.45399049973954697f,-1.3322676295501878e-15f,1.5368750000000015f,1.020439046196739e-15f,-7.139536757129808e-16f,-1f,0.5520833333333308f,0f,0f,0f,1f], start_interpolation: 0, interpolation_duration: 1 }
$data merge entity $(bone_ring1) { transformation: [0.9876883405951378f,0.15643446504023073f,9.470910429910641e-17f,-1.249000902703301e-16f,0.15643446504023073f,-0.9876883405951378f,-1.1102230246251565e-15f,1.5351562500000022f,-8.745563743260031e-17f,1.1129782960227961e-15f,-1f,1.0208333333333313f,0f,0f,0f,1f], start_interpolation: 0, interpolation_duration: 1 }
$data merge entity $(bone_ring2) { transformation: [0.5877852522924729f,0.8090169943749477f,6.695352868347749e-17f,-9.71445146547012e-17f,0.8090169943749477f,-0.5877852522924728f,-1.3322676295501878e-15f,1.5350781250000018f,-1.0613553718123874e-15f,8.82163272017961e-16f,-1f,0.8020833333333309f,0f,0f,0f,1f], start_interpolation: 0, interpolation_duration: 1 }