# This file was generated by Animated Java via MC-Build. It is not recommended to edit this file directly.
$data merge entity $(bone_ring3) { transformation: [-0.30901699437494745f,-0.9510565162951536f,2.8899813360850883e-16f,-6.938893903907228e-17f,-0.9510565162951536f,0.30901699437494745f,2.220446049250313e-16f,1.536875f,-1.9350948449521768e-16f,-1.5887757788031908e-16f,-1f,0.5520831250000002f,0f,0f,0f,1f], start_interpolation: 0, interpolation_duration: 1 }
$data merge entity $(bone_ring1) { transformation: [0.8090169943749475f,0.5877852522924729f,6.695352868347749e-17f,-1.249000902703301e-16f,0.5877852522924729f,-0.8090169943749475f,2.220446049250313e-16f,1.5351562499999998f,2.8510170261900896e-16f,-3.2969953103805314e-16f,-1f,1.0208331250000002f,0f,0f,0f,1f], start_interpolation: 0, interpolation_duration: 1 }
$data merge entity $(bone_ring2) { transformation: [0.8090169943749475f,0.5877852522924731f,6.695352868347749e-17f,-9.71445146547012e-17f,0.5877852522924731f,-0.8090169943749475f,4.440892098500626e-16f,1.5350781249999998f,2.8510170261900906e-16f,-3.2969953103805314e-16f,-1f,0.8020831250000002f,0f,0f,0f,1f], start_interpolation: 0, interpolation_duration: 1 }