# This file was generated by Animated Java via MC-Build. It is not recommended to edit this file directly.
$data merge entity $(bone_ring3) { transformation: [-0.15643446504023084f,-0.9876883405951377f,2.33486982377251e-16f,-6.938893903907228e-17f,-0.9876883405951377f,0.15643446504023079f,-1.3322676295501878e-15f,1.5368750000000015f,1.1856852051077422e-15f,-5.514141153306309e-16f,-1f,0.5520833333333308f,0f,0f,0f,1f], start_interpolation: 0, interpolation_duration: 1 }
$data merge entity $(bone_ring1) { transformation: [0.45399049973954697f,0.8910065241883678f,1.1442377452219667e-17f,-1.249000902703301e-16f,0.8910065241883678f,-0.45399049973954697f,-1.3322676295501878e-15f,1.5351562500000022f,-1.2424836511217702e-15f,7.139536757129808e-16f,-1f,1.0208333333333313f,0f,0f,0f,1f], start_interpolation: 0, interpolation_duration: 1 }
$data merge entity $(bone_ring2) { transformation: [0.9510565162951541f,0.30901699437494756f,6.695352868347752e-17f,-9.71445146547012e-17f,0.30901699437494756f,-0.9510565162951539f,-8.881784197001256e-16f,1.5350781250000018f,-2.952225067377258e-16f,1.3049054778371459e-15f,-1.0000000000000002f,0.8020833333333309f,0f,0f,0f,1f], start_interpolation: 0, interpolation_duration: 1 }