# This file was generated by Animated Java via MC-Build. It is not recommended to edit this file directly.
$data merge entity $(bone_ring3) { transformation: [-0.15643446504023084f,-0.9876883405951377f,2.33486982377251e-16f,-6.938893903907228e-17f,-0.9876883405951377f,0.15643446504023079f,2.220446049250313e-16f,1.536875f,-3.4949086652780745e-16f,-3.0826611242501427e-16f,-1f,0.5520831250000002f,0f,0f,0f,1f], start_interpolation: 0, interpolation_duration: 1 }
$data merge entity $(bone_ring1) { transformation: [0.45399049973954697f,0.8910065241883678f,1.1442377452219667e-17f,-1.249000902703301e-16f,0.8910065241883678f,-0.45399049973954697f,2.220446049250313e-16f,1.5351562499999998f,1.4241869042145017e-16f,8.310687632284103e-18f,-1f,1.0208331250000002f,0f,0f,0f,1f], start_interpolation: 0, interpolation_duration: 1 }
$data merge entity $(bone_ring2) { transformation: [0.9510565162951541f,0.30901699437494756f,6.695352868347752e-17f,-9.71445146547012e-17f,0.30901699437494756f,-0.9510565162951539f,6.661338147750939e-16f,1.5350781249999998f,1.8508638828001516e-16f,-1.7333330111779253e-16f,-1.0000000000000002f,0.8020831250000002f,0f,0f,0f,1f], start_interpolation: 0, interpolation_duration: 1 }