# This file was generated by Animated Java via MC-Build. It is not recommended to edit this file directly.
$data merge entity $(bone_base) { transformation: [-1.1102230246251565e-16f,0.9973144772244581f,-0.07323819712763234f,-3.2628949494532304f,1f,1.1102230246251565e-16f,-1.3877787807814457e-17f,1.5234375f,-1.359631073446891e-32f,-0.07323819712763234f,-0.9973144772244581f,0.003433040490357372f,0f,0f,0f,1f], start_interpolation: 0, interpolation_duration: 1 }
$data merge entity $(item_display_lev_orb) { transformation: [-0.9973144772244581f,1.1042599661880328e-16f,-0.07323819712763234f,-3.2628949494532304f,1.1102230246251565e-16f,1f,-1.3877787807814457e-17f,1.9140625f,0.07323819712763234f,-1.6262146546626698e-17f,-0.9973144772244581f,0.003433040490357372f,0f,0f,0f,1f], start_interpolation: 0, interpolation_duration: 1 }
$data merge entity $(bone_platform_support) { transformation: [-1f,0f,1.2246467991473532e-16f,-3.2708333333333335f,0f,1f,0f,1.25f,-1.2246467991473532e-16f,0f,-1f,-4.0056155722111347e-16f,0f,0f,0f,1f], start_interpolation: 0, interpolation_duration: 1 }
$data merge entity $(bone_sp1) { transformation: [-0.9537169507482269f,-0.30070579950427306f,1.2246467991473532e-16f,-5.350911007402702f,-0.30070579950427306f,0.9537169507482269f,0f,2.9841163019922594f,-1.16796641102639e-16f,-3.6825839484795376e-17f,-1f,1.1816406249999993f,0f,0f,0f,1f], start_interpolation: 0, interpolation_duration: 1 }
$data merge entity $(bone_sp2) { transformation: [-0.9537169507482269f,-0.30070579950427306f,1.2246467991473532e-16f,-5.47012562624623f,-0.30070579950427306f,0.9537169507482269f,0f,2.9465280770542255f,-1.16796641102639e-16f,-3.6825839484795376e-17f,-1f,1.1816406249999993f,0f,0f,0f,1f], start_interpolation: 0, interpolation_duration: 1 }
$data merge entity $(bone_sp3) { transformation: [-0.9537169507482269f,-0.30070579950427306f,1.2246467991473532e-16f,-5.648947554511523f,-0.30070579950427306f,0.9537169507482269f,0f,2.890145739647174f,-1.16796641102639e-16f,-3.6825839484795376e-17f,-1f,1.1816406249999993f,0f,0f,0f,1f], start_interpolation: 0, interpolation_duration: 1 }
$data merge entity $(bone_3) { transformation: [-1f,0f,1.2246467991473532e-16f,-5.625f,0f,1f,0f,2.75f,-1.2246467991473532e-16f,0f,-1f,1.1249999999999993f,0f,0f,0f,1f], start_interpolation: 0, interpolation_duration: 1 }
data modify entity @s data merge value {"locators":{"keycard_slot_interact":{"posx":-3.4999999999999996,"posy":1.09375,"posz":-2.6875000000000004,"roty":0,"rotx":0},"spyglass":{"posx":-5.6875,"posy":2.125,"posz":0.9999999999999993,"roty":0,"rotx":0},"inspector_platform":{"posx":-4.63625,"posy":1.375,"posz":0.04687499999999943,"roty":0,"rotx":0},"slider1":{"posx":-3.125,"posy":5.0625,"posz":-1.0000000000000004,"roty":0,"rotx":0},"slider2":{"posx":-3.1250000000000004,"posy":5.0625,"posz":1.9999999999999996,"roty":0,"rotx":0}},"cameras":{}}