# This file was generated by Animated Java via MC-Build. It is not recommended to edit this file directly.
$data merge entity $(bone_base) { transformation: [-1.1102230246251564e-16f,0.8120835268918052f,-0.583541211356119f,-3.624582619026758f,0.9999999999999999f,0f,-5.551115123125783e-17f,1.5234375f,-5.551115123125784e-17f,-0.583541211356119f,-0.8120835268918052f,0.027353494282317634f,0f,0f,0f,1f], start_interpolation: 0, interpolation_duration: 1 }
$data merge entity $(item_display_lev_orb) { transformation: [-0.8120835268918052f,6.929646343230128e-17f,-0.583541211356119f,-3.624582619026758f,2.2204460492503128e-16f,0.9999999999999999f,-5.551115123125783e-17f,1.9140625f,0.583541211356119f,-1.850833289643015e-16f,-0.8120835268918052f,0.02735349428231761f,0f,0f,0f,1f], start_interpolation: 0, interpolation_duration: 1 }
$data merge entity $(bone_platform_support) { transformation: [-1f,0f,1.2246467991473532e-16f,-3.6412037037037046f,0f,1f,0f,1.25f,-1.2246467991473532e-16f,0f,-1f,-4.459188460784229e-16f,0f,0f,0f,1f], start_interpolation: 0, interpolation_duration: 1 }
$data merge entity $(bone_sp1) { transformation: [-0.9537169507482269f,-0.30070579950427306f,1.2246467991473532e-16f,-5.341179201782822f,-0.30070579950427306f,0.9537169507482269f,0f,2.9871847285178132f,-1.16796641102639e-16f,-3.6825839484795376e-17f,-1f,1.1816406249999993f,0f,0f,0f,1f], start_interpolation: 0, interpolation_duration: 1 }
$data merge entity $(bone_sp3) { transformation: [-0.9537169507482269f,-0.30070579950427306f,1.2246467991473532e-16f,-5.658679360131403f,-0.30070579950427306f,0.9537169507482269f,0f,2.8870773131216203f,-1.16796641102639e-16f,-3.6825839484795376e-17f,-1f,1.1816406249999993f,0f,0f,0f,1f], start_interpolation: 0, interpolation_duration: 1 }
data modify entity @s data merge value {"locators":{"keycard_slot_interact":{"posx":-3.4999999999999996,"posy":1.09375,"posz":-2.6875000000000004,"roty":0,"rotx":0},"spyglass":{"posx":-5.6875,"posy":2.125,"posz":0.9999999999999993,"roty":0,"rotx":0},"inspector_platform":{"posx":-4.63625,"posy":1.375,"posz":0.04687499999999943,"roty":0,"rotx":0}},"cameras":{}}