# This file was generated by Animated Java via MC-Build. It is not recommended to edit this file directly.
$data merge entity $(bone_base) { transformation: [-1.1102230246251565e-16f,0.7307582673720655f,-0.6826363268002787f,-3.7596593863756587f,1f,0f,-1.1102230246251565e-16f,1.5234375f,-1.359631073446891e-32f,-0.6826363268002787f,-0.7307582673720655f,0.03199857781876261f,0f,0f,0f,1f], start_interpolation: 0, interpolation_duration: 1 }
$data merge entity $(item_display_lev_orb) { transformation: [-0.7307582673720655f,5.123862831181503e-17f,-0.6826363268002787f,-3.7596593863756587f,2.220446049250313e-16f,1f,-1.1102230246251565e-16f,1.9140625f,0.6826363268002787f,-1.5157571349184248e-16f,-0.7307582673720655f,0.03199857781876261f,0f,0f,0f,1f], start_interpolation: 0, interpolation_duration: 1 }
$data merge entity $(bone_platform_support) { transformation: [-1f,0f,1.2246467991473532e-16f,-3.780092592592593f,0f,1f,0f,1.25f,-1.2246467991473532e-16f,0f,-1f,-4.629278293999139e-16f,0f,0f,0f,1f], start_interpolation: 0, interpolation_duration: 1 }
$data merge entity $(bone_sp1) { transformation: [-0.9537169507482269f,-0.30070579950427306f,1.2246467991473532e-16f,-5.311983784923182f,-0.30070579950427306f,0.9537169507482269f,0f,2.9963900080944748f,-1.16796641102639e-16f,-3.6825839484795376e-17f,-1f,1.1816406249999993f,0f,0f,0f,1f], start_interpolation: 0, interpolation_duration: 1 }
$data merge entity $(bone_sp3) { transformation: [-0.9537169507482269f,-0.30070579950427306f,1.2246467991473532e-16f,-5.687874776991043f,-0.30070579950427306f,0.9537169507482269f,0f,2.877872033544959f,-1.16796641102639e-16f,-3.6825839484795376e-17f,-1f,1.1816406249999993f,0f,0f,0f,1f], start_interpolation: 0, interpolation_duration: 1 }
data modify entity @s data merge value {"locators":{"keycard_slot_interact":{"posx":-3.4999999999999996,"posy":1.09375,"posz":-2.6875000000000004,"roty":0,"rotx":0},"spyglass":{"posx":-5.6875,"posy":2.125,"posz":0.9999999999999993,"roty":0,"rotx":0},"inspector_platform":{"posx":-4.63625,"posy":1.375,"posz":0.04687499999999943,"roty":0,"rotx":0}},"cameras":{}}