# This file was generated by Animated Java via MC-Build. It is not recommended to edit this file directly.
$data merge entity $(bone_base) { transformation: [-3.3306690738754696e-16f,0.6231973539694503f,-0.7820646124237277f,-4.0694322833747245f,1f,2.220446049250313e-16f,-1.6653345369377348e-16f,1.5234375f,-4.078893220340673e-32f,-0.7820646124237277f,-0.6231973539694504f,0.03665927870736174f,0f,0f,0f,1f], start_interpolation: 0, interpolation_duration: 1 }
$data merge entity $(item_display_lev_orb) { transformation: [-0.6231973539694503f,-1.9468929713507548e-16f,-0.7820646124237277f,-4.0694322833747245f,0f,1f,-1.6653345369377348e-16f,1.9140625f,0.7820646124237277f,-1.736532278914744e-16f,-0.6231973539694504f,0.03665927870736174f,0f,0f,0f,1f], start_interpolation: 0, interpolation_duration: 1 }
$data merge entity $(bone_platform_support) { transformation: [-1f,0f,1.2246467991473532e-16f,-4.0949074074074066f,0f,1f,0f,1.25f,-1.2246467991473532e-16f,0f,-1f,-5.014815249286267e-16f,0f,0f,0f,1f], start_interpolation: 0, interpolation_duration: 1 }
$data merge entity $(bone_sp1) { transformation: [-0.9537169507482269f,-0.30070579950427306f,1.2246467991473532e-16f,-5.200068020294564f,-0.30070579950427306f,0.9537169507482269f,0f,3.0316769131383436f,-1.16796641102639e-16f,-3.6825839484795376e-17f,-1f,1.1816406249999993f,0f,0f,0f,1f], start_interpolation: 0, interpolation_duration: 1 }
$data merge entity $(bone_sp3) { transformation: [-0.9537169507482269f,-0.30070579950427306f,1.2246467991473532e-16f,-5.799790541619661f,-0.30070579950427306f,0.9537169507482269f,0f,2.8425851285010904f,-1.16796641102639e-16f,-3.6825839484795376e-17f,-1f,1.1816406249999993f,0f,0f,0f,1f], start_interpolation: 0, interpolation_duration: 1 }
data modify entity @s data merge value {"locators":{"keycard_slot_interact":{"posx":-3.4999999999999996,"posy":1.09375,"posz":-2.6875000000000004,"roty":0,"rotx":0},"spyglass":{"posx":-5.6875,"posy":2.125,"posz":0.9999999999999993,"roty":0,"rotx":0},"inspector_platform":{"posx":-4.63625,"posy":1.375,"posz":0.04687499999999943,"roty":0,"rotx":0},"slider1":{"posx":-3.125,"posy":5.0625,"posz":-1.0000000000000004,"roty":0,"rotx":0},"slider2":{"posx":-3.1250000000000004,"posy":5.0625,"posz":1.9999999999999996,"roty":0,"rotx":0}},"cameras":{}}