# This file was generated by Animated Java via MC-Build. It is not recommended to edit this file directly.
$data merge entity $(bone_base) { transformation: [-1.1102230246251565e-16f,0.6087614290087207f,-0.793353340291235f,-4.20764448828108f,0.9999999999999999f,1.1102230246251565e-16f,0f,1.5234375f,-1.359631073446891e-32f,-0.793353340291235f,-0.6087614290087208f,0.03718843782615113f,0f,0f,0f,1f], start_interpolation: 0, interpolation_duration: 1 }
$data merge entity $(item_display_lev_orb) { transformation: [-0.6087614290087207f,2.4149888535323218e-17f,-0.793353340291235f,-4.20764448828108f,1.1102230246251563e-16f,0.9999999999999999f,0f,1.9140625f,0.793353340291235f,-1.7615982901092124e-16f,-0.6087614290087208f,0.03718843782615113f,0f,0f,0f,1f], start_interpolation: 0, interpolation_duration: 1 }
$data merge entity $(bone_platform_support) { transformation: [-1f,0f,1.2246467991473532e-16f,-4.233796296296296f,0f,1f,0f,1.25f,-1.2246467991473532e-16f,0f,-1f,-5.184905082501178e-16f,0f,0f,0f,1f], start_interpolation: 0, interpolation_duration: 1 }
$data merge entity $(bone_sp1) { transformation: [-0.9537169507482269f,-0.30070579950427306f,1.2246467991473532e-16f,-5.151408992195165f,-0.30070579950427306f,0.9537169507482269f,0f,3.0470190457661124f,-1.16796641102639e-16f,-3.6825839484795376e-17f,-1f,1.1816406249999993f,0f,0f,0f,1f], start_interpolation: 0, interpolation_duration: 1 }
$data merge entity $(bone_sp3) { transformation: [-0.9537169507482269f,-0.30070579950427306f,1.2246467991473532e-16f,-5.84844956971906f,-0.30070579950427306f,0.9537169507482269f,0f,2.827242995873321f,-1.16796641102639e-16f,-3.6825839484795376e-17f,-1f,1.1816406249999993f,0f,0f,0f,1f], start_interpolation: 0, interpolation_duration: 1 }
data modify entity @s data merge value {"locators":{"keycard_slot_interact":{"posx":-3.4999999999999996,"posy":1.09375,"posz":-2.6875000000000004,"roty":0,"rotx":0},"spyglass":{"posx":-5.6875,"posy":2.125,"posz":0.9999999999999993,"roty":0,"rotx":0},"inspector_platform":{"posx":-4.63625,"posy":1.375,"posz":0.04687499999999943,"roty":0,"rotx":0}},"cameras":{}}