# This file was generated by Animated Java via MC-Build. It is not recommended to edit this file directly.
$data merge entity $(bone_base) { transformation: [-2.220446049250313e-16f,0.5983246005706587f,-0.8012538126910608f,-4.327525632318417f,1f,1.1102230246251565e-16f,-1.6653345369377348e-16f,1.5234375f,-2.719262146893782e-32f,-0.8012538126910608f,-0.5983246005706588f,0.03755877246989295f,0f,0f,0f,1f], start_interpolation: 0, interpolation_duration: 1 }
$data merge entity $(item_display_lev_orb) { transformation: [-0.5983246005706587f,-8.918985537439223e-17f,-0.8012538126910608f,-4.327525632318417f,1.1102230246251565e-16f,1f,-1.6653345369377348e-16f,1.9140625f,0.8012538126910608f,-1.7791408628366165e-16f,-0.5983246005706588f,0.03755877246989295f,0f,0f,0f,1f], start_interpolation: 0, interpolation_duration: 1 }
$data merge entity $(bone_platform_support) { transformation: [-1f,0f,1.2246467991473532e-16f,-4.354166666666667f,0f,1f,0f,1.25f,-1.2246467991473532e-16f,0f,-1f,-5.332316271287434e-16f,0f,0f,0f,1f], start_interpolation: 0, interpolation_duration: 1 }
$data merge entity $(bone_sp1) { transformation: [-0.9537169507482269f,-0.30070579950427306f,1.2246467991473532e-16f,-5.122213575335525f,-0.30070579950427306f,0.9537169507482269f,0f,3.056224325342774f,-1.16796641102639e-16f,-3.6825839484795376e-17f,-1f,1.1816406249999993f,0f,0f,0f,1f], start_interpolation: 0, interpolation_duration: 1 }
$data merge entity $(bone_sp3) { transformation: [-0.9537169507482269f,-0.30070579950427306f,1.2246467991473532e-16f,-5.8776449865787f,-0.30070579950427306f,0.9537169507482269f,0f,2.8180377162966597f,-1.16796641102639e-16f,-3.6825839484795376e-17f,-1f,1.1816406249999993f,0f,0f,0f,1f], start_interpolation: 0, interpolation_duration: 1 }
data modify entity @s data merge value {"locators":{"keycard_slot_interact":{"posx":-3.4999999999999996,"posy":1.09375,"posz":-2.6875000000000004,"roty":0,"rotx":0},"spyglass":{"posx":-5.6875,"posy":2.125,"posz":0.9999999999999993,"roty":0,"rotx":0},"inspector_platform":{"posx":-4.63625,"posy":1.375,"posz":0.04687499999999943,"roty":0,"rotx":0},"slider1":{"posx":-3.125,"posy":5.0625,"posz":-1.0000000000000004,"roty":0,"rotx":0},"slider2":{"posx":-3.1250000000000004,"posy":5.0625,"posz":1.9999999999999996,"roty":0,"rotx":0}},"cameras":{}}