# This file was generated by Animated Java via MC-Build. It is not recommended to edit this file directly.
$data merge entity $(bone_base) { transformation: [-0.99750279641627f,0.07062698593116702f,1.2246467991473532e-16f,-3.2218460365325465f,0.07062698593116702f,0.99750279641627f,0f,2.599936563021447f,-1.2215886067717191e-16f,8.649311225402884e-18f,-1f,-3.94562343598517e-16f,0f,0f,0f,1f], start_interpolation: 0, interpolation_duration: 1 }
$data merge entity $(item_display_lev_orb) { transformation: [-0.07062698593116724f,-0.99750279641627f,1.2246467991473532e-16f,-3.611495566382652f,-0.99750279641627f,0.07062698593116724f,0f,2.627525229400809f,-8.649311225402912e-18f,-1.2215886067717191e-16f,-1f,-4.4228064855053725e-16f,0f,0f,0f,1f], start_interpolation: 0, interpolation_duration: 1 }
$data merge entity $(bone_mechrot) { transformation: [-0.99750279641627f,0.07062698593116702f,1.2246467991473532e-16f,-3.03125f,0.07062698593116702f,0.99750279641627f,0f,2.5625f,-1.2215886067717191e-16f,8.649311225402884e-18f,-1f,-0.046875000000000375f,0f,0f,0f,1f], start_interpolation: 0, interpolation_duration: 1 }
$data merge entity $(bone_sp1) { transformation: [-0.9537169507482269f,-0.30070579950427306f,1.2246467991473532e-16f,-2.8899735074027024f,-0.30070579950427306f,0.9537169507482269f,0f,1.7341163019922596f,-1.16796641102639e-16f,-3.6825839484795376e-17f,-1f,1.1816406249999996f,0f,0f,0f,1f], start_interpolation: 0, interpolation_duration: 1 }
$data merge entity $(bone_sp2) { transformation: [-0.9537169507482269f,-0.30070579950427306f,1.2246467991473532e-16f,-3.0091881262462308f,-0.30070579950427306f,0.9537169507482269f,0f,1.6965280770542255f,-1.16796641102639e-16f,-3.6825839484795376e-17f,-1f,1.1816406249999996f,0f,0f,0f,1f], start_interpolation: 0, interpolation_duration: 1 }
$data merge entity $(bone_sp3) { transformation: [-0.9537169507482269f,-0.30070579950427306f,1.2246467991473532e-16f,-3.1880100545115235f,-0.30070579950427306f,0.9537169507482269f,0f,1.6401457396471741f,-1.16796641102639e-16f,-3.6825839484795376e-17f,-1f,1.1816406249999996f,0f,0f,0f,1f], start_interpolation: 0, interpolation_duration: 1 }
$data merge entity $(bone_3) { transformation: [-1f,0f,1.2246467991473532e-16f,-3.164062500000001f,0f,1f,0f,1.4375f,-1.2246467991473532e-16f,0f,-1f,1.1249999999999996f,0f,0f,0f,1f], start_interpolation: 0, interpolation_duration: 1 }
$data merge entity $(bone_2) { transformation: [-1f,0f,1.2246467991473532e-16f,-3.164062500000001f,0f,1f,0f,1.4375f,-1.2246467991473532e-16f,0f,-1f,1.1249999999999996f,0f,0f,0f,1f], start_interpolation: 0, interpolation_duration: 1 }
$data merge entity $(bone_sp_mech) { transformation: [-1f,0f,1.2246467991473532e-16f,-3.351562500000001f,0f,1f,0f,1.375f,-1.2246467991473532e-16f,0f,-1f,0.9374999999999996f,0f,0f,0f,1f], start_interpolation: 0, interpolation_duration: 1 }
$data merge entity $(bone_spyglass_platform) { transformation: [-1f,0f,1.2246467991473532e-16f,-3.226562500000001f,0f,1f,0f,1.26875f,-1.2246467991473532e-16f,0f,-1f,0.9999999999999996f,0f,0f,0f,1f], start_interpolation: 0, interpolation_duration: 1 }
data modify entity @s data merge value {"locators":{"keycard_slot_interact":{"posx":-3.4999999999999996,"posy":1.09375,"posz":-2.6875000000000004,"roty":0,"rotx":0},"spyglass":{"posx":-5.6875,"posy":2.125,"posz":0.9999999999999993,"roty":0,"rotx":0},"inspector_platform":{"posx":-4.63625,"posy":1.375,"posz":0.04687499999999943,"roty":0,"rotx":0},"slider1":{"posx":-3.125,"posy":5.0625,"posz":-1.0000000000000004,"roty":0,"rotx":0},"slider2":{"posx":-3.1250000000000004,"posy":5.0625,"posz":1.9999999999999996,"roty":0,"rotx":0},"cpi_black":{"posx":1.0312500000000004,"posy":1.1875,"posz":-3.03125,"roty":0,"rotx":0},"cpi_blue":{"posx":-1.0937499999999996,"posy":3.8125,"posz":-3.03125,"roty":0,"rotx":0},"cpi_cyan":{"posx":-0.9062499999999998,"posy":1.3125,"posz":-2.15625,"roty":0,"rotx":0},"cpi_green":{"posx":-0.15624999999999978,"posy":2.75,"posz":-1.90625,"roty":0,"rotx":0},"cpi_orange":{"posx":1.0937500000000002,"posy":4.25,"posz":-2.65625,"roty":0,"rotx":0},"cpi_pink":{"posx":-0.5312499999999997,"posy":3.375,"posz":-2.40625,"roty":0,"rotx":0},"cpi_purple":{"posx":-1.2187499999999996,"posy":2.375,"posz":-3.09375,"roty":0,"rotx":0},"cpi_red":{"posx":0.7187500000000003,"posy":3.125,"posz":-2.84375,"roty":0,"rotx":0},"cpi_white":{"posx":0.5312500000000002,"posy":2,"posz":-2.21875,"roty":0,"rotx":0},"cpi_yellow":{"posx":-0.15624999999999967,"posy":1.5,"posz":-2.71875,"roty":0,"rotx":0},"mirror_interaction":{"posx":2.4375000000000004,"posy":1.15625,"posz":-2.5624999999999996,"roty":0,"rotx":0}},"cameras":{}}