# This file was generated by Animated Java via MC-Build. It is not recommended to edit this file directly.
$data merge entity $(bone_base) { transformation: [-0.9268565956401211f,0.3754155712252823f,1.2246467991473532e-16f,-3.230061843589008f,0.3754155712252823f,0.9268565956401211f,0f,2.629440872731542f,-1.135071963119287e-16f,4.5975147765111716e-17f,-1f,-3.9556848977992774e-16f,0f,0f,0f,1f], start_interpolation: 0, interpolation_duration: 1 }
$data merge entity $(item_display_lev_orb) { transformation: [-0.3754155712252825f,-0.926856595640121f,1.2246467991473532e-16f,-3.5921152012609303f,-0.926856595640121f,0.3754155712252825f,0f,2.776087580241418f,-4.597514776511174e-17f,-1.135071963119287e-16f,-1f,-4.3990723833927487e-16f,0f,0f,0f,1f], start_interpolation: 0, interpolation_duration: 1 }
$data merge entity $(bone_mechrot) { transformation: [-0.9268565956401211f,0.3754155712252823f,1.2246467991473532e-16f,-3.03125f,0.3754155712252823f,0.9268565956401211f,0f,2.5625f,-1.135071963119287e-16f,4.5975147765111716e-17f,-1f,-0.046875000000000375f,0f,0f,0f,1f], start_interpolation: 0, interpolation_duration: 1 }
$data merge entity $(bone_sp1) { transformation: [-0.9537169507482269f,-0.30070579950427306f,1.2246467991473532e-16f,-3.4065551400557617f,-0.30070579950427306f,0.9537169507482269f,0f,1.7341163019922596f,-1.16796641102639e-16f,-3.6825839484795376e-17f,-1f,1.1816406249999996f,0f,0f,0f,1f], start_interpolation: 0, interpolation_duration: 1 }
$data merge entity $(bone_sp2) { transformation: [-0.9537169507482269f,-0.30070579950427306f,1.2246467991473532e-16f,-3.52576975889929f,-0.30070579950427306f,0.9537169507482269f,0f,1.6965280770542255f,-1.16796641102639e-16f,-3.6825839484795376e-17f,-1f,1.1816406249999996f,0f,0f,0f,1f], start_interpolation: 0, interpolation_duration: 1 }
$data merge entity $(bone_sp3) { transformation: [-0.9537169507482269f,-0.30070579950427306f,1.2246467991473532e-16f,-3.7045916871645828f,-0.30070579950427306f,0.9537169507482269f,0f,1.6401457396471741f,-1.16796641102639e-16f,-3.6825839484795376e-17f,-1f,1.1816406249999996f,0f,0f,0f,1f], start_interpolation: 0, interpolation_duration: 1 }
$data merge entity $(bone_3) { transformation: [-1f,0f,1.2246467991473532e-16f,-3.68064413265306f,0f,1f,0f,1.4375f,-1.2246467991473532e-16f,0f,-1f,1.1249999999999996f,0f,0f,0f,1f], start_interpolation: 0, interpolation_duration: 1 }
$data merge entity $(bone_2) { transformation: [-1f,0f,1.2246467991473532e-16f,-3.68064413265306f,0f,1f,0f,1.4375f,-1.2246467991473532e-16f,0f,-1f,1.1249999999999996f,0f,0f,0f,1f], start_interpolation: 0, interpolation_duration: 1 }
$data merge entity $(bone_sp_mech) { transformation: [-1f,0f,1.2246467991473532e-16f,-3.86814413265306f,0f,1f,0f,1.375f,-1.2246467991473532e-16f,0f,-1f,0.9374999999999996f,0f,0f,0f,1f], start_interpolation: 0, interpolation_duration: 1 }
$data merge entity $(bone_spyglass_platform) { transformation: [-1f,0f,1.2246467991473532e-16f,-3.74314413265306f,0f,1f,0f,1.26875f,-1.2246467991473532e-16f,0f,-1f,0.9999999999999996f,0f,0f,0f,1f], start_interpolation: 0, interpolation_duration: 1 }
data modify entity @s data merge value {"locators":{"keycard_slot_interact":{"posx":-3.4999999999999996,"posy":1.09375,"posz":-2.6875000000000004,"roty":0,"rotx":0},"spyglass":{"posx":-5.6875,"posy":2.125,"posz":0.9999999999999993,"roty":0,"rotx":0},"inspector_platform":{"posx":-4.63625,"posy":1.375,"posz":0.04687499999999943,"roty":0,"rotx":0},"slider1":{"posx":-3.125,"posy":5.0625,"posz":-1.0000000000000004,"roty":0,"rotx":0},"slider2":{"posx":-3.1250000000000004,"posy":5.0625,"posz":1.9999999999999996,"roty":0,"rotx":0}},"cameras":{}}