# This file was generated by Animated Java via MC-Build. It is not recommended to edit this file directly.
$data merge entity $(bone_base) { transformation: [-0.3754155712252826f,0.926856595640121f,1.2246467991473532e-16f,-3.2085211785728034f,0.926856595640121f,0.3754155712252826f,0f,2.7026791337866376f,-4.597514776511175e-17f,1.135071963119287e-16f,-1f,-3.929305191335677e-16f,0f,0f,0f,1f], start_interpolation: 0, interpolation_duration: 1 }
$data merge entity $(item_display_lev_orb) { transformation: [-0.9268565956401211f,-0.37541557122528235f,1.2246467991473532e-16f,-3.3551678860826795f,-0.37541557122528235f,0.9268565956401211f,0f,3.0647324914585603f,-1.135071963119287e-16f,-4.597514776511173e-17f,-1f,-4.108895612293145e-16f,0f,0f,0f,1f], start_interpolation: 0, interpolation_duration: 1 }
$data merge entity $(bone_mechrot) { transformation: [-0.3754155712252826f,0.926856595640121f,1.2246467991473532e-16f,-3.03125f,0.926856595640121f,0.3754155712252826f,0f,2.5625f,-4.597514776511175e-17f,1.135071963119287e-16f,-1f,-0.046875000000000375f,0f,0f,0f,1f], start_interpolation: 0, interpolation_duration: 1 }
$data merge entity $(bone_sp1) { transformation: [-0.9537169507482269f,-0.30070579950427306f,1.2246467991473532e-16f,-4.482766874749641f,-0.30070579950427306f,0.9537169507482269f,0f,1.7341163019922596f,-1.16796641102639e-16f,-3.6825839484795376e-17f,-1f,1.1816406249999996f,0f,0f,0f,1f], start_interpolation: 0, interpolation_duration: 1 }
$data merge entity $(bone_sp2) { transformation: [-0.9537169507482269f,-0.30070579950427306f,1.2246467991473532e-16f,-4.601981493593169f,-0.30070579950427306f,0.9537169507482269f,0f,1.6965280770542255f,-1.16796641102639e-16f,-3.6825839484795376e-17f,-1f,1.1816406249999996f,0f,0f,0f,1f], start_interpolation: 0, interpolation_duration: 1 }
$data merge entity $(bone_sp3) { transformation: [-0.9537169507482269f,-0.30070579950427306f,1.2246467991473532e-16f,-4.780803421858462f,-0.30070579950427306f,0.9537169507482269f,0f,1.6401457396471741f,-1.16796641102639e-16f,-3.6825839484795376e-17f,-1f,1.1816406249999996f,0f,0f,0f,1f], start_interpolation: 0, interpolation_duration: 1 }
$data merge entity $(bone_3) { transformation: [-1f,0f,1.2246467991473532e-16f,-4.756855867346939f,0f,1f,0f,1.4375f,-1.2246467991473532e-16f,0f,-1f,1.1249999999999996f,0f,0f,0f,1f], start_interpolation: 0, interpolation_duration: 1 }
$data merge entity $(bone_2) { transformation: [-1f,0f,1.2246467991473532e-16f,-4.756855867346939f,0f,1f,0f,1.4375f,-1.2246467991473532e-16f,0f,-1f,1.1249999999999996f,0f,0f,0f,1f], start_interpolation: 0, interpolation_duration: 1 }
$data merge entity $(bone_sp_mech) { transformation: [-1f,0f,1.2246467991473532e-16f,-4.944355867346939f,0f,1f,0f,1.375f,-1.2246467991473532e-16f,0f,-1f,0.9374999999999994f,0f,0f,0f,1f], start_interpolation: 0, interpolation_duration: 1 }
$data merge entity $(bone_spyglass_platform) { transformation: [-1f,0f,1.2246467991473532e-16f,-4.819355867346939f,0f,1f,0f,1.26875f,-1.2246467991473532e-16f,0f,-1f,0.9999999999999994f,0f,0f,0f,1f], start_interpolation: 0, interpolation_duration: 1 }
data modify entity @s data merge value {"locators":{"keycard_slot_interact":{"posx":-3.4999999999999996,"posy":1.09375,"posz":-2.6875000000000004,"roty":0,"rotx":0},"spyglass":{"posx":-5.6875,"posy":2.125,"posz":0.9999999999999993,"roty":0,"rotx":0},"inspector_platform":{"posx":-4.63625,"posy":1.375,"posz":0.04687499999999943,"roty":0,"rotx":0},"slider1":{"posx":-3.125,"posy":5.0625,"posz":-1.0000000000000004,"roty":0,"rotx":0},"slider2":{"posx":-3.1250000000000004,"posy":5.0625,"posz":1.9999999999999996,"roty":0,"rotx":0}},"cameras":{}}