# This file was generated by Animated Java via MC-Build. It is not recommended to edit this file directly.
$data merge entity $(bone_base) { transformation: [-0.27899110603922905f,0.9602936856769431f,1.2246467991473532e-16f,-3.201802064691353f,0.9602936856769431f,0.27899110603922905f,0f,2.7100725305172735f,-3.416655650015217e-17f,1.1760205884056828e-16f,-1f,-3.921076650027652e-16f,0f,0f,0f,1f], start_interpolation: 0, interpolation_duration: 1 }
$data merge entity $(item_display_lev_orb) { transformation: [-0.9602936856769432f,-0.27899110603922883f,1.2246467991473532e-16f,-3.3107829654879266f,-0.27899110603922883f,0.9602936856769432f,0f,3.0851872514848293f,-1.1760205884056828e-16f,-3.4166556500152144e-17f,-1f,-4.0545397613563714e-16f,0f,0f,0f,1f], start_interpolation: 0, interpolation_duration: 1 }
$data merge entity $(bone_mechrot) { transformation: [-0.27899110603922905f,0.9602936856769431f,1.2246467991473532e-16f,-3.03125f,0.9602936856769431f,0.27899110603922905f,0f,2.5625f,-3.416655650015217e-17f,1.1760205884056828e-16f,-1f,-0.046875000000000375f,0f,0f,0f,1f], start_interpolation: 0, interpolation_duration: 1 }
$data merge entity $(bone_sp1) { transformation: [-0.9537169507482269f,-0.30070579950427306f,1.2246467991473532e-16f,-4.633436517606784f,-0.30070579950427306f,0.9537169507482269f,0f,1.7341163019922596f,-1.16796641102639e-16f,-3.6825839484795376e-17f,-1f,1.1816406249999996f,0f,0f,0f,1f], start_interpolation: 0, interpolation_duration: 1 }
$data merge entity $(bone_sp2) { transformation: [-0.9537169507482269f,-0.30070579950427306f,1.2246467991473532e-16f,-4.752651136450312f,-0.30070579950427306f,0.9537169507482269f,0f,1.6965280770542255f,-1.16796641102639e-16f,-3.6825839484795376e-17f,-1f,1.1816406249999996f,0f,0f,0f,1f], start_interpolation: 0, interpolation_duration: 1 }
$data merge entity $(bone_sp3) { transformation: [-0.9537169507482269f,-0.30070579950427306f,1.2246467991473532e-16f,-4.931473064715604f,-0.30070579950427306f,0.9537169507482269f,0f,1.6401457396471741f,-1.16796641102639e-16f,-3.6825839484795376e-17f,-1f,1.1816406249999996f,0f,0f,0f,1f], start_interpolation: 0, interpolation_duration: 1 }
$data merge entity $(bone_3) { transformation: [-1f,0f,1.2246467991473532e-16f,-4.907525510204081f,0f,1f,0f,1.4375f,-1.2246467991473532e-16f,0f,-1f,1.1249999999999996f,0f,0f,0f,1f], start_interpolation: 0, interpolation_duration: 1 }
$data merge entity $(bone_2) { transformation: [-1f,0f,1.2246467991473532e-16f,-4.907525510204081f,0f,1f,0f,1.4375f,-1.2246467991473532e-16f,0f,-1f,1.1249999999999996f,0f,0f,0f,1f], start_interpolation: 0, interpolation_duration: 1 }
$data merge entity $(bone_sp_mech) { transformation: [-1f,0f,1.2246467991473532e-16f,-5.095025510204081f,0f,1f,0f,1.375f,-1.2246467991473532e-16f,0f,-1f,0.9374999999999994f,0f,0f,0f,1f], start_interpolation: 0, interpolation_duration: 1 }
$data merge entity $(bone_spyglass_platform) { transformation: [-1f,0f,1.2246467991473532e-16f,-4.970025510204081f,0f,1f,0f,1.26875f,-1.2246467991473532e-16f,0f,-1f,0.9999999999999994f,0f,0f,0f,1f], start_interpolation: 0, interpolation_duration: 1 }
data modify entity @s data merge value {"locators":{"keycard_slot_interact":{"posx":-3.4999999999999996,"posy":1.09375,"posz":-2.6875000000000004,"roty":0,"rotx":0},"spyglass":{"posx":-5.6875,"posy":2.125,"posz":0.9999999999999993,"roty":0,"rotx":0},"inspector_platform":{"posx":-4.63625,"posy":1.375,"posz":0.04687499999999943,"roty":0,"rotx":0}},"cameras":{}}