# This file was generated by Animated Java via MC-Build. It is not recommended to edit this file directly.
$data merge entity $(bone_base) { transformation: [-0.0706269859311669f,0.9975027964162702f,1.2246467991473532e-16f,-3.185639950185472f,0.9975027964162702f,0.0706269859311669f,0f,2.7230372566014998f,-8.649311225402869e-18f,1.2215886067717191e-16f,-1f,-3.9012837682305724e-16f,0f,0f,0f,1f], start_interpolation: 0, interpolation_duration: 1 }
$data merge entity $(item_display_lev_orb) { transformation: [-0.9975027964162702f,-0.07062698593116667f,1.2246467991473532e-16f,-3.2132286165648343f,-0.07062698593116667f,0.9975027964162702f,0f,3.1126867864516052f,-1.2215886067717191e-16f,-8.649311225402841e-18f,-1f,-3.9350701402048024e-16f,0f,0f,0f,1f], start_interpolation: 0, interpolation_duration: 1 }
$data merge entity $(bone_mechrot) { transformation: [-0.0706269859311669f,0.9975027964162702f,1.2246467991473532e-16f,-3.03125f,0.9975027964162702f,0.0706269859311669f,0f,2.5625f,-8.649311225402869e-18f,1.2215886067717191e-16f,-1f,-0.046875000000000375f,0f,0f,0f,1f], start_interpolation: 0, interpolation_duration: 1 }
$data merge entity $(bone_sp1) { transformation: [-0.9537169507482269f,-0.30070579950427306f,1.2246467991473532e-16f,-4.999348507402701f,-0.30070579950427306f,0.9537169507482269f,0f,1.7341163019922596f,-1.16796641102639e-16f,-3.6825839484795376e-17f,-1f,1.1816406249999993f,0f,0f,0f,1f], start_interpolation: 0, interpolation_duration: 1 }
$data merge entity $(bone_sp2) { transformation: [-0.9537169507482269f,-0.30070579950427306f,1.2246467991473532e-16f,-5.118563126246229f,-0.30070579950427306f,0.9537169507482269f,0f,1.6965280770542255f,-1.16796641102639e-16f,-3.6825839484795376e-17f,-1f,1.1816406249999993f,0f,0f,0f,1f], start_interpolation: 0, interpolation_duration: 1 }
$data merge entity $(bone_sp3) { transformation: [-0.9537169507482269f,-0.30070579950427306f,1.2246467991473532e-16f,-5.297385054511521f,-0.30070579950427306f,0.9537169507482269f,0f,1.6401457396471741f,-1.16796641102639e-16f,-3.6825839484795376e-17f,-1f,1.1816406249999993f,0f,0f,0f,1f], start_interpolation: 0, interpolation_duration: 1 }
$data merge entity $(bone_3) { transformation: [-1f,0f,1.2246467991473532e-16f,-5.273437499999999f,0f,1f,0f,1.4375f,-1.2246467991473532e-16f,0f,-1f,1.1249999999999993f,0f,0f,0f,1f], start_interpolation: 0, interpolation_duration: 1 }
$data merge entity $(bone_2) { transformation: [-1f,0f,1.2246467991473532e-16f,-5.273437499999999f,0f,1f,0f,1.4375f,-1.2246467991473532e-16f,0f,-1f,1.1249999999999993f,0f,0f,0f,1f], start_interpolation: 0, interpolation_duration: 1 }
$data merge entity $(bone_sp_mech) { transformation: [-1f,0f,1.2246467991473532e-16f,-5.460937499999999f,0f,1f,0f,1.375f,-1.2246467991473532e-16f,0f,-1f,0.9374999999999993f,0f,0f,0f,1f], start_interpolation: 0, interpolation_duration: 1 }
$data merge entity $(bone_spyglass_platform) { transformation: [-1f,0f,1.2246467991473532e-16f,-5.335937499999999f,0f,1f,0f,1.26875f,-1.2246467991473532e-16f,0f,-1f,0.9999999999999993f,0f,0f,0f,1f], start_interpolation: 0, interpolation_duration: 1 }
data modify entity @s data merge value {"locators":{"keycard_slot_interact":{"posx":-3.4999999999999996,"posy":1.09375,"posz":-2.6875000000000004,"roty":0,"rotx":0},"spyglass":{"posx":-5.6875,"posy":2.125,"posz":0.9999999999999993,"roty":0,"rotx":0},"inspector_platform":{"posx":-4.63625,"posy":1.375,"posz":0.04687499999999943,"roty":0,"rotx":0}},"cameras":{}}