# This file was generated by Animated Java via MC-Build. It is not recommended to edit this file directly.
$data merge entity $(bone_front) { transformation: [-1f,-8.371891731040677e-17f,-8.937975559930701e-17f,6.123233995736766e-17f,0f,-0.7298410910111934f,0.683616838493312f,0f,-1.2246467991473532e-16f,0.683616838493312f,0.7298410910111934f,-0.5f,0f,0f,0f,1f], start_interpolation: 0, interpolation_duration: 1 }
$data merge entity $(bone_front_left) { transformation: [-0.8027519340863061f,0.5963131160059243f,1.2246467991473532e-16f,1.4687500000000002f,0.5963131160059243f,0.8027519340863061f,0f,0.03125f,-9.830875865881418e-17f,7.302729488062395e-17f,-1f,-0.9999999999999998f,0f,0f,0f,1f], start_interpolation: 0, interpolation_duration: 1 }
$data merge entity $(bone_left) { transformation: [-0.9865505978329412f,0.16345616511917307f,1.2246467991473532e-16f,1.46875f,0.16345616511917307f,0.9865505978329412f,0f,0.03125f,-1.2081760318330192e-16f,2.0017606941409654e-17f,-1f,1.798699986247675e-16f,0f,0f,0f,1f], start_interpolation: 0, interpolation_duration: 1 }