# This file was generated by Animated Java via MC-Build. It is not recommended to edit this file directly.
$data merge entity $(bone_front) { transformation: [-1f,-6.91478306338182e-17f,-1.010750975525395e-16f,6.123233995736766e-17f,0f,-0.825340805389047f,0.5646348864175501f,0f,-1.2246467991473532e-16f,0.5646348864175501f,0.825340805389047f,-0.5f,0f,0f,0f,1f], start_interpolation: 0, interpolation_duration: 1 }
$data merge entity $(bone_front_left) { transformation: [-0.7071067811865477f,0.7071067811865475f,1.2246467991473532e-16f,1.4687500000000002f,0.7071067811865475f,0.7071067811865477f,0f,0.03125f,-8.659560562354935e-17f,8.659560562354932e-17f,-1f,-0.9999999999999998f,0f,0f,0f,1f], start_interpolation: 0, interpolation_duration: 1 }
$data merge entity $(bone_left) { transformation: [-0.9471428158125814f,0.32081222927845876f,1.2246467991473532e-16f,1.46875f,0.32081222927845876f,0.9471428158125814f,0f,0.03125f,-1.159915417720289e-16f,3.928816697131913e-17f,-1f,1.798699986247675e-16f,0f,0f,0f,1f], start_interpolation: 0, interpolation_duration: 1 }