# This file was generated by Animated Java via MC-Build. It is not recommended to edit this file directly.
$data merge entity $(bone_front) { transformation: [-1f,-5.469084917882706e-17f,-1.0957421614010006e-16f,6.123233995736766e-17f,0f,-0.8947413753613687f,0.44658467418446657f,0f,-1.2246467991473532e-16f,0.44658467418446657f,0.8947413753613687f,-0.5f,0f,0f,0f,1f], start_interpolation: 0, interpolation_duration: 1 }
$data merge entity $(bone_front_left) { transformation: [-0.6031986233184714f,0.7975910109991842f,1.2246467991473532e-16f,1.4687500000000002f,0.7975910109991842f,0.6031986233184714f,0f,0.03125f,-7.38705263297056e-17f,9.767672786488522e-17f,-1f,-0.9999999999999998f,0f,0f,0f,1f], start_interpolation: 0, interpolation_duration: 1 }
$data merge entity $(bone_left) { transformation: [-0.8844871074293708f,0.46656463302657736f,1.2246467991473532e-16f,1.46875f,0.46656463302657736f,0.8844871074293708f,0f,0.03125f,-1.08318430500048e-16f,5.713768844313575e-17f,-1f,1.798699986247675e-16f,0f,0f,0f,1f], start_interpolation: 0, interpolation_duration: 1 }