# This file was generated by Animated Java via MC-Build. It is not recommended to edit this file directly.
$data merge entity $(bone_front) { transformation: [-1f,-4.1118873556350994e-17f,-1.153552602358271e-16f,6.123233995736766e-17f,0f,-0.9419471827807162f,0.3357610829912719f,0f,-1.2246467991473532e-16f,0.3357610829912719f,0.9419471827807162f,-0.5f,0f,0f,0f,1f], start_interpolation: 0, interpolation_duration: 1 }
$data merge entity $(bone_front_left) { transformation: [-0.4966444442901242f,0.8679540863177924f,1.2246467991473532e-16f,1.4687500000000002f,0.8679540863177924f,0.4966444442901242f,0f,0.03125f,-6.082140290142166e-17f,1.0629371936159499e-16f,-1f,-0.9999999999999998f,0f,0f,0f,1f], start_interpolation: 0, interpolation_duration: 1 }
$data merge entity $(bone_left) { transformation: [-0.8027519340863063f,0.596313116005924f,1.2246467991473532e-16f,1.46875f,0.596313116005924f,0.8027519340863063f,0f,0.03125f,-9.83087586588142e-17f,7.30272948806239e-17f,-1f,1.798699986247675e-16f,0f,0f,0f,1f], start_interpolation: 0, interpolation_duration: 1 }