# This file was generated by Animated Java via MC-Build. It is not recommended to edit this file directly.
$data merge entity $(bone_front) { transformation: [-1f,-2.900780503973206e-17f,-1.1897959940004622e-16f,6.123233995736766e-17f,0f,-0.9715421579747274f,0.2368667036073456f,0f,-1.2246467991473532e-16f,0.2368667036073456f,0.9715421579747274f,-0.5f,0f,0f,0f,1f], start_interpolation: 0, interpolation_duration: 1 }
$data merge entity $(bone_front_left) { transformation: [-0.3926094653954908f,0.9197052830564076f,1.2246467991473532e-16f,1.4687500000000002f,0.9197052830564076f,0.3926094653954908f,0f,0.03125f,-4.808079251115413e-17f,1.12631413105394e-16f,-1f,-0.9999999999999998f,0f,0f,0f,1f], start_interpolation: 0, interpolation_duration: 1 }
$data merge entity $(bone_left) { transformation: [-0.7071067811865477f,0.7071067811865475f,1.2246467991473532e-16f,1.46875f,0.7071067811865475f,0.7071067811865477f,0f,0.03125f,-8.659560562354935e-17f,8.659560562354932e-17f,-1f,1.798699986247675e-16f,0f,0f,0f,1f], start_interpolation: 0, interpolation_duration: 1 }