# This file was generated by Animated Java via MC-Build. It is not recommended to edit this file directly.
$data merge entity $(bone_front_right) { transformation: [-0.9865505978329412f,-0.16345616511917307f,1.2246467991473532e-16f,-1.4687499999999998f,-0.16345616511917307f,0.9865505978329412f,0f,0.03125f,-1.2081760318330192e-16f,-2.0017606941409654e-17f,-1f,-1.0000000000000002f,0f,0f,0f,1f], start_interpolation: 0, interpolation_duration: 1 }
$data merge entity $(bone_front) { transformation: [-1f,-1.875611842899839e-17f,-1.2101985724704837e-16f,6.123233995736766e-17f,0f,-0.988202127595541f,0.1531553297004257f,0f,-1.2246467991473532e-16f,0.1531553297004257f,0.988202127595541f,-0.5f,0f,0f,0f,1f], start_interpolation: 0, interpolation_duration: 1 }
$data merge entity $(bone_front_left) { transformation: [-0.29551581566047624f,0.9553378474102884f,1.2246467991473532e-16f,1.4687500000000002f,0.9553378474102884f,0.29551581566047624f,0f,0.03125f,-3.619024977460215e-17f,1.1699514369353323e-16f,-1f,-0.9999999999999998f,0f,0f,0f,1f], start_interpolation: 0, interpolation_duration: 1 }
$data merge entity $(bone_left) { transformation: [-0.6031986233184712f,0.7975910109991844f,1.2246467991473532e-16f,1.46875f,0.7975910109991844f,0.6031986233184712f,0f,0.03125f,-7.387052632970558e-17f,9.767672786488526e-17f,-1f,1.798699986247675e-16f,0f,0f,0f,1f], start_interpolation: 0, interpolation_duration: 1 }