# This file was generated by Animated Java via MC-Build. It is not recommended to edit this file directly.
$data merge entity $(bone_front_right) { transformation: [-0.9471428158125814f,-0.32081222927845876f,1.2246467991473532e-16f,-1.4687499999999998f,-0.32081222927845876f,0.9471428158125814f,0f,0.03125f,-1.159915417720289e-16f,-3.928816697131913e-17f,-1f,-1.0000000000000002f,0f,0f,0f,1f], start_interpolation: 0, interpolation_duration: 1 }
$data merge entity $(bone_front) { transformation: [-1f,-1.0616890695502412e-17f,-1.220036042851945e-16f,6.123233995736766e-17f,0f,-0.9962350317670219f,0.08669349156748138f,0f,-1.2246467991473532e-16f,0.08669349156748138f,0.9962350317670219f,-0.5f,0f,0f,0f,1f], start_interpolation: 0, interpolation_duration: 1 }
$data merge entity $(bone_front_left) { transformation: [-0.2088968667761939f,0.977937676465678f,1.2246467991473532e-16f,1.4687500000000002f,0.977937676465678f,0.2088968667761939f,0f,0.03125f,-2.5582487924937694e-17f,1.1976282452492923e-16f,-1f,-0.9999999999999998f,0f,0f,0f,1f], start_interpolation: 0, interpolation_duration: 1 }
$data merge entity $(bone_left) { transformation: [-0.4966444442901242f,0.8679540863177924f,1.2246467991473532e-16f,1.46875f,0.8679540863177924f,0.4966444442901242f,0f,0.03125f,-6.082140290142166e-17f,1.0629371936159499e-16f,-1f,1.798699986247675e-16f,0f,0f,0f,1f], start_interpolation: 0, interpolation_duration: 1 }