# This file was generated by Animated Java via MC-Build. It is not recommended to edit this file directly.
$data merge entity $(bone_front_right) { transformation: [-0.8844871074293708f,-0.46656463302657736f,1.2246467991473532e-16f,-1.4687499999999998f,-0.46656463302657736f,0.8844871074293708f,0f,0.03125f,-1.08318430500048e-16f,-5.713768844313575e-17f,-1f,-1.0000000000000002f,0f,0f,0f,1f], start_interpolation: 0, interpolation_duration: 1 }
$data merge entity $(bone_front) { transformation: [-1f,-4.735534741237018e-18f,-1.2237308747160512e-16f,6.123233995736766e-17f,0f,-0.9992520909441482f,0.03866857566225692f,0f,-1.2246467991473532e-16f,0.03866857566225692f,0.9992520909441482f,-0.5f,0f,0f,0f,1f], start_interpolation: 0, interpolation_duration: 1 }
$data merge entity $(bone_front_left) { transformation: [-0.13538544367804117f,0.9907930064549809f,1.2246467991473532e-16f,1.4687500000000002f,0.9907930064549809f,0.13538544367804117f,0f,0.03125f,-1.6579935025145738e-17f,1.2133714839726751e-16f,-1f,-0.9999999999999998f,0f,0f,0f,1f], start_interpolation: 0, interpolation_duration: 1 }
$data merge entity $(bone_left) { transformation: [-0.3926094653954908f,0.9197052830564076f,1.2246467991473532e-16f,1.46875f,0.9197052830564076f,0.3926094653954908f,0f,0.03125f,-4.808079251115413e-17f,1.12631413105394e-16f,-1f,1.798699986247675e-16f,0f,0f,0f,1f], start_interpolation: 0, interpolation_duration: 1 }