# This file was generated by Animated Java via MC-Build. It is not recommended to edit this file directly.
$data merge entity $(bone_right) { transformation: [-0.9865505978329413f,-0.1634561651191724f,1.2246467991473532e-16f,-1.46875f,-0.1634561651191724f,0.9865505978329413f,0f,0.03125f,-1.2081760318330192e-16f,-2.0017606941409574e-17f,-1f,-1.798699986247675e-16f,0f,0f,0f,1f], start_interpolation: 0, interpolation_duration: 1 }
$data merge entity $(bone_front_right) { transformation: [-0.8027519340863063f,-0.596313116005924f,1.2246467991473532e-16f,-1.4687499999999998f,-0.596313116005924f,0.8027519340863063f,0f,0.03125f,-9.83087586588142e-17f,-7.30272948806239e-17f,-1f,-1.0000000000000002f,0f,0f,0f,1f], start_interpolation: 0, interpolation_duration: 1 }
$data merge entity $(bone_front) { transformation: [-1f,-1.185988412203891e-18f,-1.2245893702831447e-16f,6.123233995736766e-17f,0f,-0.9999531057736415f,0.009684330314908937f,0f,-1.2246467991473532e-16f,0.009684330314908937f,0.9999531057736415f,-0.5f,0f,0f,0f,1f], start_interpolation: 0, interpolation_duration: 1 }
$data merge entity $(bone_front_left) { transformation: [-0.07680453243285568f,0.9970461693411045f,1.2246467991473532e-16f,1.4687500000000002f,0.9970461693411045f,0.07680453243285568f,0f,0.03125f,-9.405842480390579e-18f,1.2210293998857134e-16f,-1f,-0.9999999999999998f,0f,0f,0f,1f], start_interpolation: 0, interpolation_duration: 1 }
$data merge entity $(bone_left) { transformation: [-0.29551581566047624f,0.9553378474102884f,1.2246467991473532e-16f,1.46875f,0.9553378474102884f,0.29551581566047624f,0f,0.03125f,-3.619024977460215e-17f,1.1699514369353323e-16f,-1f,1.798699986247675e-16f,0f,0f,0f,1f], start_interpolation: 0, interpolation_duration: 1 }