# This file was generated by Animated Java via MC-Build. It is not recommended to edit this file directly.
$data merge entity $(bone_right) { transformation: [-0.9471428158125814f,-0.32081222927845876f,1.2246467991473532e-16f,-1.46875f,-0.32081222927845876f,0.9471428158125814f,0f,0.03125f,-1.159915417720289e-16f,-3.928816697131913e-17f,-1f,-1.798699986247675e-16f,0f,0f,0f,1f], start_interpolation: 0, interpolation_duration: 1 }
$data merge entity $(bone_front_right) { transformation: [-0.7071067811865477f,-0.7071067811865475f,1.2246467991473532e-16f,-1.4687499999999998f,-0.7071067811865475f,0.7071067811865477f,0f,0.03125f,-8.659560562354935e-17f,-8.659560562354932e-17f,-1f,-1.0000000000000002f,0f,0f,0f,1f], start_interpolation: 0, interpolation_duration: 1 }
$data merge entity $(bone_front) { transformation: [-1f,-1.4997597826618576e-32f,-1.2246467991473532e-16f,6.123233995736766e-17f,0f,-1f,1.2246467991473532e-16f,0f,-1.2246467991473532e-16f,1.2246467991473532e-16f,1f,-0.5f,0f,0f,0f,1f], start_interpolation: 0, interpolation_duration: 1 }
$data merge entity $(bone_front_left) { transformation: [-0.03431892818426008f,0.9994109320836367f,1.2246467991473532e-16f,1.4687500000000002f,0.9994109320836367f,0.03431892818426008f,0f,0.03125f,-4.202856555102199e-18f,1.2239253990090986e-16f,-1f,-0.9999999999999998f,0f,0f,0f,1f], start_interpolation: 0, interpolation_duration: 1 }
$data merge entity $(bone_left) { transformation: [-0.2088968667761939f,0.977937676465678f,1.2246467991473532e-16f,1.46875f,0.977937676465678f,0.2088968667761939f,0f,0.03125f,-2.5582487924937694e-17f,1.1976282452492923e-16f,-1f,1.798699986247675e-16f,0f,0f,0f,1f], start_interpolation: 0, interpolation_duration: 1 }