# This file was generated by Animated Java via MC-Build. It is not recommended to edit this file directly.
$data merge entity $(bone_back_left) { transformation: [-1f,-1.7687318227097222e-17f,1.2118067750492225e-16f,0.9999999999999998f,0f,0.9895153246576316f,0.14442791374142996f,0.03125f,-1.2246467991473532e-16f,0.14442791374142996f,-0.9895153246576316f,1.4687500000000002f,0f,0f,0f,1f], start_interpolation: 0, interpolation_duration: 1 }
$data merge entity $(bone_right) { transformation: [-0.8844871074293708f,-0.46656463302657736f,1.2246467991473532e-16f,-1.46875f,-0.46656463302657736f,0.8844871074293708f,0f,0.03125f,-1.08318430500048e-16f,-5.713768844313575e-17f,-1f,-1.798699986247675e-16f,0f,0f,0f,1f], start_interpolation: 0, interpolation_duration: 1 }
$data merge entity $(bone_front_right) { transformation: [-0.6031986233184712f,-0.7975910109991844f,1.2246467991473532e-16f,-1.4687499999999998f,-0.7975910109991844f,0.6031986233184712f,0f,0.03125f,-7.387052632970558e-17f,-9.767672786488526e-17f,-1f,-1.0000000000000002f,0f,0f,0f,1f], start_interpolation: 0, interpolation_duration: 1 }
$data merge entity $(bone_front_left) { transformation: [-0.008604880439861629f,0.9999629773309688f,1.2246467991473532e-16f,1.4687500000000002f,0.9999629773309688f,0.008604880439861629f,0f,0.03125f,-1.0537939287722212e-18f,1.2246014594542282e-16f,-1f,-0.9999999999999998f,0f,0f,0f,1f], start_interpolation: 0, interpolation_duration: 1 }
$data merge entity $(bone_left) { transformation: [-0.13538544367804117f,0.9907930064549809f,1.2246467991473532e-16f,1.46875f,0.9907930064549809f,0.13538544367804117f,0f,0.03125f,-1.6579935025145738e-17f,1.2133714839726751e-16f,-1f,1.798699986247675e-16f,0f,0f,0f,1f], start_interpolation: 0, interpolation_duration: 1 }