# This file was generated by Animated Java via MC-Build. It is not recommended to edit this file directly.
$data merge entity $(bone_back_left) { transformation: [-1f,-3.485860413161836e-17f,1.1739878851425041e-16f,0.9999999999999998f,0f,0.9586338575006935f,0.28464210379587224f,0.03125f,-1.2246467991473532e-16f,0.28464210379587224f,-0.9586338575006935f,1.4687500000000002f,0f,0f,0f,1f], start_interpolation: 0, interpolation_duration: 1 }
$data merge entity $(bone_right) { transformation: [-0.8027519340863061f,-0.5963131160059243f,1.2246467991473532e-16f,-1.46875f,-0.5963131160059243f,0.8027519340863061f,0f,0.03125f,-9.830875865881418e-17f,-7.302729488062395e-17f,-1f,-1.798699986247675e-16f,0f,0f,0f,1f], start_interpolation: 0, interpolation_duration: 1 }
$data merge entity $(bone_front_right) { transformation: [-0.4966444442901238f,-0.8679540863177926f,1.2246467991473532e-16f,-1.4687499999999998f,-0.8679540863177926f,0.4966444442901238f,0f,0.03125f,-6.082140290142161e-17f,-1.0629371936159502e-16f,-1f,-1.0000000000000002f,0f,0f,0f,1f], start_interpolation: 0, interpolation_duration: 1 }
$data merge entity $(bone_front_left) { transformation: [-2.220446049250313e-16f,1f,1.2246467991473532e-16f,1.4687500000000002f,1f,2.220446049250313e-16f,0f,0.03125f,-2.719262146893782e-32f,1.2246467991473532e-16f,-1f,-0.9999999999999998f,0f,0f,0f,1f], start_interpolation: 0, interpolation_duration: 1 }
$data merge entity $(bone_left) { transformation: [-0.07680453243285512f,0.9970461693411045f,1.2246467991473532e-16f,1.46875f,0.9970461693411045f,0.07680453243285512f,0f,0.03125f,-9.40584248039051e-18f,1.2210293998857134e-16f,-1f,1.798699986247675e-16f,0f,0f,0f,1f], start_interpolation: 0, interpolation_duration: 1 }