# This file was generated by Animated Java via MC-Build. It is not recommended to edit this file directly.
$data merge entity $(bone_back) { transformation: [-1f,-1.7687318227097176e-17f,1.2118067750492228e-16f,-1.798699986247675e-16f,0f,0.9895153246576317f,0.14442791374142958f,0.03125f,-1.2246467991473532e-16f,0.14442791374142958f,-0.9895153246576317f,1.46875f,0f,0f,0f,1f], start_interpolation: 0, interpolation_duration: 1 }
$data merge entity $(bone_back_left) { transformation: [-1f,-5.1037346440810116e-17f,1.113228956455019e-16f,0.9999999999999998f,0f,0.909020427138741f,0.4167515603384119f,0.03125f,-1.2246467991473532e-16f,0.4167515603384119f,-0.909020427138741f,1.4687500000000002f,0f,0f,0f,1f], start_interpolation: 0, interpolation_duration: 1 }
$data merge entity $(bone_right) { transformation: [-0.7071067811865477f,-0.7071067811865475f,1.2246467991473532e-16f,-1.46875f,-0.7071067811865475f,0.7071067811865477f,0f,0.03125f,-8.659560562354935e-17f,-8.659560562354932e-17f,-1f,-1.798699986247675e-16f,0f,0f,0f,1f], start_interpolation: 0, interpolation_duration: 1 }
$data merge entity $(bone_front_right) { transformation: [-0.3926094653954908f,-0.9197052830564076f,1.2246467991473532e-16f,-1.4687499999999998f,-0.9197052830564076f,0.3926094653954908f,0f,0.03125f,-4.808079251115413e-17f,-1.12631413105394e-16f,-1f,-1.0000000000000002f,0f,0f,0f,1f], start_interpolation: 0, interpolation_duration: 1 }
$data merge entity $(bone_left) { transformation: [-0.03431892818426008f,0.9994109320836367f,1.2246467991473532e-16f,1.46875f,0.9994109320836367f,0.03431892818426008f,0f,0.03125f,-4.202856555102199e-18f,1.2239253990090986e-16f,-1f,1.798699986247675e-16f,0f,0f,0f,1f], start_interpolation: 0, interpolation_duration: 1 }