# This file was generated by Animated Java via MC-Build. It is not recommended to edit this file directly.
$data merge entity $(bone_back) { transformation: [-1f,-3.485860413161827e-17f,1.1739878851425044e-16f,-1.798699986247675e-16f,0f,0.9586338575006936f,0.2846421037958715f,0.03125f,-1.2246467991473532e-16f,0.2846421037958715f,-0.9586338575006936f,1.46875f,0f,0f,0f,1f], start_interpolation: 0, interpolation_duration: 1 }
$data merge entity $(bone_back_left) { transformation: [-1f,-6.582140452296062e-17f,1.0327216727290734e-16f,0.9999999999999998f,0f,0.8432812411285396f,0.5374725559139831f,0.03125f,-1.2246467991473532e-16f,0.5374725559139831f,-0.8432812411285396f,1.4687500000000002f,0f,0f,0f,1f], start_interpolation: 0, interpolation_duration: 1 }
$data merge entity $(bone_right) { transformation: [-0.6031986233184716f,-0.7975910109991841f,1.2246467991473532e-16f,-1.46875f,-0.7975910109991841f,0.6031986233184716f,0f,0.03125f,-7.387052632970563e-17f,-9.767672786488521e-17f,-1f,-1.798699986247675e-16f,0f,0f,0f,1f], start_interpolation: 0, interpolation_duration: 1 }
$data merge entity $(bone_front_right) { transformation: [-0.29551581566047624f,-0.9553378474102884f,1.2246467991473532e-16f,-1.4687499999999998f,-0.9553378474102884f,0.29551581566047624f,0f,0.03125f,-3.619024977460215e-17f,-1.1699514369353323e-16f,-1f,-1.0000000000000002f,0f,0f,0f,1f], start_interpolation: 0, interpolation_duration: 1 }
$data merge entity $(bone_left) { transformation: [-0.008604880439861629f,0.9999629773309688f,1.2246467991473532e-16f,1.46875f,0.9999629773309688f,0.008604880439861629f,0f,0.03125f,-1.0537939287722212e-18f,1.2246014594542282e-16f,-1f,1.798699986247675e-16f,0f,0f,0f,1f], start_interpolation: 0, interpolation_duration: 1 }