# This file was generated by Animated Java via MC-Build. It is not recommended to edit this file directly.
$data merge entity $(bone_back) { transformation: [-1f,-5.103734644081016e-17f,1.1132289564550188e-16f,-1.798699986247675e-16f,0f,0.9090204271387408f,0.41675156033841226f,0.03125f,-1.2246467991473532e-16f,0.41675156033841226f,-0.9090204271387408f,1.46875f,0f,0f,0f,1f], start_interpolation: 0, interpolation_duration: 1 }
$data merge entity $(bone_back_left) { transformation: [-1f,-7.89092891562491e-17f,9.365320022014222e-17f,0.9999999999999998f,0f,0.7647364144939359f,0.644343244200604f,0.03125f,-1.2246467991473532e-16f,0.644343244200604f,-0.7647364144939359f,1.4687500000000002f,0f,0f,0f,1f], start_interpolation: 0, interpolation_duration: 1 }
$data merge entity $(bone_back_right) { transformation: [-1f,-1.7687318227097222e-17f,1.2118067750492225e-16f,-1.0000000000000002f,0f,0.9895153246576316f,0.14442791374142996f,0.03125f,-1.2246467991473532e-16f,0.14442791374142996f,-0.9895153246576316f,1.4687499999999998f,0f,0f,0f,1f], start_interpolation: 0, interpolation_duration: 1 }
$data merge entity $(bone_right) { transformation: [-0.4966444442901238f,-0.8679540863177926f,1.2246467991473532e-16f,-1.46875f,-0.8679540863177926f,0.4966444442901238f,0f,0.03125f,-6.082140290142161e-17f,-1.0629371936159502e-16f,-1f,-1.798699986247675e-16f,0f,0f,0f,1f], start_interpolation: 0, interpolation_duration: 1 }
$data merge entity $(bone_front_right) { transformation: [-0.2088968667761939f,-0.977937676465678f,1.2246467991473532e-16f,-1.4687499999999998f,-0.977937676465678f,0.2088968667761939f,0f,0.03125f,-2.5582487924937694e-17f,-1.1976282452492923e-16f,-1f,-1.0000000000000002f,0f,0f,0f,1f], start_interpolation: 0, interpolation_duration: 1 }
$data merge entity $(bone_left) { transformation: [-2.220446049250313e-16f,1f,1.2246467991473532e-16f,1.46875f,1f,2.220446049250313e-16f,0f,0.03125f,-2.719262146893782e-32f,1.2246467991473532e-16f,-1f,1.798699986247675e-16f,0f,0f,0f,1f], start_interpolation: 0, interpolation_duration: 1 }