# This file was generated by Animated Java via MC-Build. It is not recommended to edit this file directly.
$data merge entity $(bone_back) { transformation: [-1f,-6.582140452296065e-17f,1.0327216727290732e-16f,-1.798699986247675e-16f,0f,0.8432812411285395f,0.5374725559139832f,0.03125f,-1.2246467991473532e-16f,0.5374725559139832f,-0.8432812411285395f,1.46875f,0f,0f,0f,1f], start_interpolation: 0, interpolation_duration: 1 }
$data merge entity $(bone_back_left) { transformation: [-1f,-9.011535362411488e-17f,8.292659927803202e-17f,0.9999999999999998f,0f,0.6771470707780296f,0.735847704716631f,0.03125f,-1.2246467991473532e-16f,0.735847704716631f,-0.6771470707780296f,1.4687500000000002f,0f,0f,0f,1f], start_interpolation: 0, interpolation_duration: 1 }
$data merge entity $(bone_back_right) { transformation: [-1f,-3.485860413161836e-17f,1.1739878851425041e-16f,-1.0000000000000002f,0f,0.9586338575006935f,0.28464210379587224f,0.03125f,-1.2246467991473532e-16f,0.28464210379587224f,-0.9586338575006935f,1.4687499999999998f,0f,0f,0f,1f], start_interpolation: 0, interpolation_duration: 1 }
$data merge entity $(bone_right) { transformation: [-0.3926094653954908f,-0.9197052830564076f,1.2246467991473532e-16f,-1.46875f,-0.9197052830564076f,0.3926094653954908f,0f,0.03125f,-4.808079251115413e-17f,-1.12631413105394e-16f,-1f,-1.798699986247675e-16f,0f,0f,0f,1f], start_interpolation: 0, interpolation_duration: 1 }
$data merge entity $(bone_front_right) { transformation: [-0.13538544367804117f,-0.9907930064549809f,1.2246467991473532e-16f,-1.4687499999999998f,-0.9907930064549809f,0.13538544367804117f,0f,0.03125f,-1.6579935025145738e-17f,-1.2133714839726751e-16f,-1f,-1.0000000000000002f,0f,0f,0f,1f], start_interpolation: 0, interpolation_duration: 1 }