# This file was generated by Animated Java via MC-Build. It is not recommended to edit this file directly.
$data merge entity $(bone_back) { transformation: [-1f,-7.89092891562491e-17f,9.365320022014222e-17f,-1.798699986247675e-16f,0f,0.7647364144939359f,0.644343244200604f,0.03125f,-1.2246467991473532e-16f,0.644343244200604f,-0.7647364144939359f,1.46875f,0f,0f,0f,1f], start_interpolation: 0, interpolation_duration: 1 }
$data merge entity $(bone_back_left) { transformation: [-1f,-9.937305769780506e-17f,7.157229373442827e-17f,0.9999999999999998f,0f,0.5844321300170767f,0.811442595260874f,0.03125f,-1.2246467991473532e-16f,0.811442595260874f,-0.5844321300170767f,1.4687500000000002f,0f,0f,0f,1f], start_interpolation: 0, interpolation_duration: 1 }
$data merge entity $(bone_back_right) { transformation: [-1f,-5.103734644081023e-17f,1.1132289564550185e-16f,-1.0000000000000002f,0f,0.9090204271387405f,0.4167515603384128f,0.03125f,-1.2246467991473532e-16f,0.4167515603384128f,-0.9090204271387405f,1.4687499999999998f,0f,0f,0f,1f], start_interpolation: 0, interpolation_duration: 1 }
$data merge entity $(bone_right) { transformation: [-0.295515815660476f,-0.9553378474102884f,1.2246467991473532e-16f,-1.46875f,-0.9553378474102884f,0.295515815660476f,0f,0.03125f,-3.619024977460212e-17f,-1.1699514369353323e-16f,-1f,-1.798699986247675e-16f,0f,0f,0f,1f], start_interpolation: 0, interpolation_duration: 1 }
$data merge entity $(bone_front_right) { transformation: [-0.07680453243285512f,-0.9970461693411045f,1.2246467991473532e-16f,-1.4687499999999998f,-0.9970461693411045f,0.07680453243285512f,0f,0.03125f,-9.40584248039051e-18f,-1.2210293998857134e-16f,-1f,-1.0000000000000002f,0f,0f,0f,1f], start_interpolation: 0, interpolation_duration: 1 }