# This file was generated by Animated Java via MC-Build. It is not recommended to edit this file directly.
$data merge entity $(bone_back) { transformation: [-1f,-9.011535362411482e-17f,8.292659927803209e-17f,-1.798699986247675e-16f,0f,0.6771470707780302f,0.7358477047166304f,0.03125f,-1.2246467991473532e-16f,0.7358477047166304f,-0.6771470707780302f,1.46875f,0f,0f,0f,1f], start_interpolation: 0, interpolation_duration: 1 }
$data merge entity $(bone_back_left) { transformation: [-1f,-1.0672711754513309e-16f,6.00576407056248e-17f,0.9999999999999998f,0f,0.49040785267588394f,0.8714930510530927f,0.03125f,-1.2246467991473532e-16f,0.8714930510530927f,-0.49040785267588394f,1.4687500000000002f,0f,0f,0f,1f], start_interpolation: 0, interpolation_duration: 1 }
$data merge entity $(bone_back_right) { transformation: [-1f,-6.582140452296065e-17f,1.0327216727290732e-16f,-1.0000000000000002f,0f,0.8432812411285395f,0.5374725559139832f,0.03125f,-1.2246467991473532e-16f,0.5374725559139832f,-0.8432812411285395f,1.4687499999999998f,0f,0f,0f,1f], start_interpolation: 0, interpolation_duration: 1 }
$data merge entity $(bone_right) { transformation: [-0.2088968667761939f,-0.977937676465678f,1.2246467991473532e-16f,-1.46875f,-0.977937676465678f,0.2088968667761939f,0f,0.03125f,-2.5582487924937694e-17f,-1.1976282452492923e-16f,-1f,-1.798699986247675e-16f,0f,0f,0f,1f], start_interpolation: 0, interpolation_duration: 1 }
$data merge entity $(bone_front_right) { transformation: [-0.03431892818426008f,-0.9994109320836367f,1.2246467991473532e-16f,-1.4687499999999998f,-0.9994109320836367f,0.03431892818426008f,0f,0.03125f,-4.202856555102199e-18f,-1.2239253990090986e-16f,-1f,-1.0000000000000002f,0f,0f,0f,1f], start_interpolation: 0, interpolation_duration: 1 }