# This file was generated by Animated Java via MC-Build. It is not recommended to edit this file directly.
$data merge entity $(bone_back) { transformation: [-1f,-9.937305769780505e-17f,7.157229373442831e-17f,-1.798699986247675e-16f,0f,0.584432130017077f,0.8114425952608739f,0.03125f,-1.2246467991473532e-16f,0.8114425952608739f,-0.584432130017077f,1.46875f,0f,0f,0f,1f], start_interpolation: 0, interpolation_duration: 1 }
$data merge entity $(bone_back_left) { transformation: [-1f,-1.1231667339198492e-16f,4.8811501767275724e-17f,0.9999999999999998f,0f,0.39857615927514933f,0.9171352382595878f,0.03125f,-1.2246467991473532e-16f,0.9171352382595878f,-0.39857615927514933f,1.4687500000000002f,0f,0f,0f,1f], start_interpolation: 0, interpolation_duration: 1 }
$data merge entity $(bone_back_right) { transformation: [-1f,-7.89092891562491e-17f,9.365320022014222e-17f,-1.0000000000000002f,0f,0.7647364144939359f,0.644343244200604f,0.03125f,-1.2246467991473532e-16f,0.644343244200604f,-0.7647364144939359f,1.4687499999999998f,0f,0f,0f,1f], start_interpolation: 0, interpolation_duration: 1 }
$data merge entity $(bone_right) { transformation: [-0.13538544367804117f,-0.9907930064549809f,1.2246467991473532e-16f,-1.46875f,-0.9907930064549809f,0.13538544367804117f,0f,0.03125f,-1.6579935025145738e-17f,-1.2133714839726751e-16f,-1f,-1.798699986247675e-16f,0f,0f,0f,1f], start_interpolation: 0, interpolation_duration: 1 }
$data merge entity $(bone_front_right) { transformation: [-0.008604880439861629f,-0.9999629773309688f,1.2246467991473532e-16f,-1.4687499999999998f,-0.9999629773309688f,0.008604880439861629f,0f,0.03125f,-1.0537939287722212e-18f,-1.2246014594542282e-16f,-1f,-1.0000000000000002f,0f,0f,0f,1f], start_interpolation: 0, interpolation_duration: 1 }