# This file was generated by Animated Java via MC-Build. It is not recommended to edit this file directly.
$data merge entity $(bone_back) { transformation: [-1f,-1.067271175451331e-16f,6.005764070562478e-17f,-1.798699986247675e-16f,0f,0.4904078526758837f,0.8714930510530928f,0.03125f,-1.2246467991473532e-16f,0.8714930510530928f,-0.4904078526758837f,1.46875f,0f,0f,0f,1f], start_interpolation: 0, interpolation_duration: 1 }
$data merge entity $(bone_back_left) { transformation: [-1f,-1.1635240182152684e-16f,3.820623531546304e-17f,0.9999999999999998f,0f,0.31197758686066634f,0.9500894617332598f,0.03125f,-1.2246467991473532e-16f,0.9500894617332598f,-0.31197758686066634f,1.4687500000000002f,0f,0f,0f,1f], start_interpolation: 0, interpolation_duration: 1 }
$data merge entity $(bone_back_right) { transformation: [-1f,-9.011535362411488e-17f,8.292659927803202e-17f,-1.0000000000000002f,0f,0.6771470707780296f,0.735847704716631f,0.03125f,-1.2246467991473532e-16f,0.735847704716631f,-0.6771470707780296f,1.4687499999999998f,0f,0f,0f,1f], start_interpolation: 0, interpolation_duration: 1 }
$data merge entity $(bone_right) { transformation: [-0.07680453243285512f,-0.9970461693411045f,1.2246467991473532e-16f,-1.46875f,-0.9970461693411045f,0.07680453243285512f,0f,0.03125f,-9.40584248039051e-18f,-1.2210293998857134e-16f,-1f,-1.798699986247675e-16f,0f,0f,0f,1f], start_interpolation: 0, interpolation_duration: 1 }
$data merge entity $(bone_front_right) { transformation: [-2.220446049250313e-16f,-1f,1.2246467991473532e-16f,-1.4687499999999998f,-1f,2.220446049250313e-16f,0f,0.03125f,-2.719262146893782e-32f,-1.2246467991473532e-16f,-1f,-1.0000000000000002f,0f,0f,0f,1f], start_interpolation: 0, interpolation_duration: 1 }