# This file was generated by Animated Java via MC-Build. It is not recommended to edit this file directly.
$data merge entity $(bone_back) { transformation: [-1f,-1.1231667339198492e-16f,4.8811501767275724e-17f,-1.798699986247675e-16f,0f,0.39857615927514933f,0.9171352382595878f,0.03125f,-1.2246467991473532e-16f,0.9171352382595878f,-0.39857615927514933f,1.46875f,0f,0f,0f,1f], start_interpolation: 0, interpolation_duration: 1 }
$data merge entity $(bone_back_left) { transformation: [-1f,-1.190907150912615e-16f,2.854819443801238e-17f,0.9999999999999998f,0f,0.23311369823437045f,0.9724494864492936f,0.03125f,-1.2246467991473532e-16f,0.9724494864492936f,-0.23311369823437045f,1.4687500000000002f,0f,0f,0f,1f], start_interpolation: 0, interpolation_duration: 1 }
$data merge entity $(bone_back_right) { transformation: [-1f,-9.937305769780506e-17f,7.157229373442827e-17f,-1.0000000000000002f,0f,0.5844321300170767f,0.811442595260874f,0.03125f,-1.2246467991473532e-16f,0.811442595260874f,-0.5844321300170767f,1.4687499999999998f,0f,0f,0f,1f], start_interpolation: 0, interpolation_duration: 1 }
$data merge entity $(bone_right) { transformation: [-0.034318928184259856f,-0.9994109320836367f,1.2246467991473532e-16f,-1.46875f,-0.9994109320836367f,0.034318928184259856f,0f,0.03125f,-4.202856555102172e-18f,-1.2239253990090986e-16f,-1f,-1.798699986247675e-16f,0f,0f,0f,1f], start_interpolation: 0, interpolation_duration: 1 }