# This file was generated by Animated Java via MC-Build. It is not recommended to edit this file directly.
$data merge entity $(bone_back) { transformation: [-1f,-1.1909071509126147e-16f,2.854819443801242e-17f,-1.798699986247675e-16f,0f,0.23311369823437078f,0.9724494864492935f,0.03125f,-1.2246467991473532e-16f,0.9724494864492935f,-0.23311369823437078f,1.46875f,0f,0f,0f,1f], start_interpolation: 0, interpolation_duration: 1 }
$data merge entity $(bone_back_left) { transformation: [-1f,-1.2177637923915804e-16f,1.2965773637517112e-17f,0.9999999999999998f,0f,0.10587357633682126f,0.9943795984600907f,0.03125f,-1.2246467991473532e-16f,0.9943795984600907f,-0.10587357633682126f,1.4687500000000002f,0f,0f,0f,1f], start_interpolation: 0, interpolation_duration: 1 }
$data merge entity $(bone_back_right) { transformation: [-1f,-1.1231667339198492e-16f,4.8811501767275724e-17f,-1.0000000000000002f,0f,0.39857615927514933f,0.9171352382595878f,0.03125f,-1.2246467991473532e-16f,0.9171352382595878f,-0.39857615927514933f,1.4687499999999998f,0f,0f,0f,1f], start_interpolation: 0, interpolation_duration: 1 }
$data merge entity $(bone_right) { transformation: [-2.220446049250313e-16f,-1f,1.2246467991473532e-16f,-1.46875f,-1f,2.220446049250313e-16f,0f,0.03125f,-2.719262146893782e-32f,-1.2246467991473532e-16f,-1f,-1.798699986247675e-16f,0f,0f,0f,1f], start_interpolation: 0, interpolation_duration: 1 }