# This file was generated by Animated Java via MC-Build. It is not recommended to edit this file directly.
$data merge entity $(bone_back) { transformation: [-1f,-1.208078966821576e-16f,2.0076103353283253e-17f,-1.798699986247675e-16f,0f,0.1639338245709785f,0.9864713382362063f,0.03125f,-1.2246467991473532e-16f,0.9864713382362063f,-0.1639338245709785f,1.46875f,0f,0f,0f,1f], start_interpolation: 0, interpolation_duration: 1 }
$data merge entity $(bone_back_left) { transformation: [-1f,-1.2224457287602047e-16f,7.339089110911144e-18f,0.9999999999999998f,0f,0.059928210452359854f,0.9982026896337123f,0.03125f,-1.2246467991473532e-16f,0.9982026896337123f,-0.059928210452359854f,1.4687500000000002f,0f,0f,0f,1f], start_interpolation: 0, interpolation_duration: 1 }
$data merge entity $(bone_back_right) { transformation: [-1f,-1.1635240182152686e-16f,3.820623531546297e-17f,-1.0000000000000002f,0f,0.3119775868606658f,0.95008946173326f,0.03125f,-1.2246467991473532e-16f,0.95008946173326f,-0.3119775868606658f,1.4687499999999998f,0f,0f,0f,1f], start_interpolation: 0, interpolation_duration: 1 }