# This file was generated by Animated Java via MC-Build. It is not recommended to edit this file directly.
$data merge entity $(bone_frame) { transformation: [-2.0833333333333335f,0f,2.551347498223653e-16f,0f,0f,2.0833333333333335f,0f,0f,-2.551347498223653e-16f,0f,-2.0833333333333335f,0f,0f,0f,0f,1f], start_interpolation: 0, interpolation_duration: 1 }
$data merge entity $(bone_board) { transformation: [-2f,0f,2.4492935982947064e-16f,0f,0f,2f,0f,0f,-2.4492935982947064e-16f,0f,-2f,0f,0f,0f,0f,1f], start_interpolation: 0, interpolation_duration: 1 }
$data merge entity $(bone_bone) { transformation: [-1f,2.1265768495757713e-17f,1.2060416625018976e-16f,0.009765624999999873f,0f,0.984807753012208f,-0.17364817766693033f,1.46875f,-1.2246467991473532e-16f,-0.17364817766693033f,-0.984807753012208f,1.03125f,0f,0f,0f,1f], start_interpolation: 0, interpolation_duration: 1 }
$data merge entity $(bone_bone3) { transformation: [-1f,-1.0673500138322974e-17f,1.2199866483456202e-16f,0.009765625000000095f,0f,0.9961946980917455f,0.08715574274765818f,1.03125f,-1.2246467991473532e-16f,0.08715574274765818f,-0.9961946980917455f,-0.78125f,0f,0f,0f,1f], start_interpolation: 0, interpolation_duration: 1 }
$data merge entity $(bone_bone1) { transformation: [-1f,-5.341834311772723e-18f,1.223481206754078e-16f,0.009765624999999896f,0f,0.9990482215818578f,0.043619387365336f,0.542103125f,-1.2246467991473532e-16f,0.043619387365336f,-0.9990482215818578f,0.844699375f,0f,0f,0f,1f], start_interpolation: 0, interpolation_duration: 1 }
$data merge entity $(bone_bone9) { transformation: [-1f,1.5984848350717833e-17f,1.2141697760125282e-16f,0.009765624999999997f,0f,0.9914448613738104f,-0.13052619222005157f,0.307728125f,-1.2246467991473532e-16f,-0.13052619222005157f,-0.9914448613738104f,0.032199375f,0f,0f,0f,1f], start_interpolation: 0, interpolation_duration: 1 }
$data merge entity $(bone_bone10) { transformation: [-1f,-1.0673500138322974e-17f,1.2199866483456202e-16f,0.009765625000000167f,0f,0.9961946980917455f,0.08715574274765818f,1.620228125f,-1.2246467991473532e-16f,0.08715574274765818f,-0.9961946980917455f,-1.358425625f,0f,0f,0f,1f], start_interpolation: 0, interpolation_duration: 1 }
$data merge entity $(bone_bone11) { transformation: [-1f,0f,1.2246467991473532e-16f,0.009765624999999983f,0f,1f,0f,1.635853125f,-1.2246467991473532e-16f,0f,-1f,0.141574375f,0f,0f,0f,1f], start_interpolation: 0, interpolation_duration: 1 }
$data merge entity $(bone_bone2) { transformation: [-1f,-5.341834311772723e-18f,1.223481206754078e-16f,0.009765625000000003f,0f,0.9990482215818578f,0.043619387365336f,0.10460312500000002f,-1.2246467991473532e-16f,0.043619387365336f,-0.9990482215818578f,-0.030300625f,0f,0f,0f,1f], start_interpolation: 0, interpolation_duration: 1 }
$data merge entity $(bone_bone4) { transformation: [-1f,1.0673500138322974e-17f,1.2199866483456202e-16f,0.009765624999999988f,0f,0.9961946980917455f,-0.08715574274765818f,1.479603125f,-1.2246467991473532e-16f,-0.08715574274765818f,-0.9961946980917455f,0.094699375f,0f,0f,0f,1f], start_interpolation: 0, interpolation_duration: 1 }
$data merge entity $(bone_papers) { transformation: [-1f,0f,1.2246467991473532e-16f,0.009765625000000003f,0f,1f,0f,1.03125f,-1.2246467991473532e-16f,0f,-1f,-0.03125f,0f,0f,0f,1f], start_interpolation: 0, interpolation_duration: 1 }
$data merge entity $(bone_pins) { transformation: [-1.4127604166666667f,0f,1.7301325222329144e-16f,0f,0f,1.4127604166666667f,0f,0f,-1.7301325222329144e-16f,0f,-1.4127604166666667f,0f,0f,0f,0f,1f], start_interpolation: 0, interpolation_duration: 1 }
$data merge entity $(bone_bone8) { transformation: [-1f,7.871877887341988e-17f,9.381338752702732e-17f,0.015625000000000076f,0f,0.766044443118978f,-0.6427876096865394f,0.4209785651297072f,-1.2246467991473532e-16f,-0.6427876096865394f,-0.766044443118978f,-0.6256873345263624f,0f,0f,0f,1f], start_interpolation: 0, interpolation_duration: 1 }
$data merge entity $(bone_bone6) { transformation: [-1f,-2.1373033680837913e-18f,1.2244602795081332e-16f,0.015625000000000007f,0f,0.9998476951563913f,0.017452406437283505f,1.3224078761171678f,-1.2246467991473532e-16f,0.017452406437283505f,-0.9998476951563913f,-0.03944915998237025f,0f,0f,0f,1f], start_interpolation: 0, interpolation_duration: 1 }
$data merge entity $(bone_bone7) { transformation: [-1f,-9.517293141685718e-17f,7.706952025373442e-17f,0.015625000000000007f,0f,0.6293203910498376f,0.7771459614569709f,1.3224078761171678f,-1.2246467991473532e-16f,0.7771459614569709f,-0.6293203910498376f,-0.03944915998237025f,0f,0f,0f,1f], start_interpolation: 0, interpolation_duration: 1 }
$data merge entity $(bone_bone5) { transformation: [-1f,5.341834311772723e-18f,1.223481206754078e-16f,0.015625000000000056f,0f,0.9990482215818578f,-0.043619387365336f,1.3046875f,-1.2246467991473532e-16f,-0.043619387365336f,-0.9990482215818578f,-0.4453125f,0f,0f,0f,1f], start_interpolation: 0, interpolation_duration: 1 }
$data merge entity $(bone_conduit) { transformation: [-1f,2.1265768495757713e-17f,1.2060416625018976e-16f,0.011718749999999877f,0f,0.984807753012208f,-0.17364817766693033f,1.125f,-1.2246467991473532e-16f,-0.17364817766693033f,-0.984807753012208f,1f,0f,0f,0f,1f], start_interpolation: 0, interpolation_duration: 1 }
$data merge entity $(bone_acs) { transformation: [-1f,-1.0673500138322974e-17f,1.2199866483456202e-16f,0.01562499999999988f,0f,0.9961946980917455f,0.08715574274765818f,0.375f,-1.2246467991473532e-16f,0.08715574274765818f,-0.9961946980917455f,0.984375f,0f,0f,0f,1f], start_interpolation: 0, interpolation_duration: 1 }
$data merge entity $(bone_life_essence) { transformation: [-1f,-1.0673500138322974e-17f,1.2199866483456202e-16f,0.011718750000000071f,0f,0.9961946980917455f,0.08715574274765818f,0.96875f,-1.2246467991473532e-16f,0.08715574274765818f,-0.9961946980917455f,-0.58125f,0f,0f,0f,1f], start_interpolation: 0, interpolation_duration: 1 }
$data merge entity $(bone_ac) { transformation: [-1f,0f,1.2246467991473532e-16f,0f,0f,1f,0f,0f,-1.2246467991473532e-16f,0f,-1f,0f,0f,0f,0f,1f], start_interpolation: 0, interpolation_duration: 1 }
$data merge entity $(bone_illusioner) { transformation: [-1f,-1.0673500138322974e-17f,1.2199866483456202e-16f,0.011718750000000147f,0f,0.9961946980917455f,0.08715574274765818f,1.671875f,-1.2246467991473532e-16f,0.08715574274765818f,-0.9961946980917455f,-1.203125f,0f,0f,0f,1f], start_interpolation: 0, interpolation_duration: 1 }
$data merge entity $(bone_beacon) { transformation: [-1f,0f,1.2246467991473532e-16f,0.011718749999999965f,0f,1f,0f,1.654296875f,-1.2246467991473532e-16f,0f,-1f,0.2890625f,0f,0f,0f,1f], start_interpolation: 0, interpolation_duration: 1 }
$data merge entity $(text_display_cybermagic) { transformation: [4.0199983659440484e-16f,8.672218862387414e-18f,0.9999999999999999f,0.015625000000000056f,-0.07081404098247226f,0.8094081921995433f,2.255000667020187e-17f,1.5234375f,-0.8094081921995432f,-0.07081404098247226f,4.436332000178482e-16f,-0.439453125f,0f,0f,0f,1f], start_interpolation: 0, interpolation_duration: 1 }
$data merge entity $(text_display_question) { transformation: [6.5262673065034355e-16f,1.4985795328797968e-17f,0.9999999999999998f,0.015624999999999974f,-0.12236830520629835f,0.9294795575379472f,2.8863583136612425e-17f,0.24609375f,-0.9294795575379471f,-0.12236830520629835f,6.803823062659725e-16f,0.20703125f,0f,0f,0f,1f], start_interpolation: 0, interpolation_duration: 1 }
$data merge entity $(text_display_another) { transformation: [3.776546588359622e-16f,1.1961994778863714e-17f,0.9999999999999998f,0.015624999999999886f,-0.09767709993764831f,0.553954361069367f,3.9717570394492626e-17f,1.375f,-0.5539543610693669f,-0.09767709993764831f,5.2337143081801405e-16f,0.9296875f,0f,0f,0f,1f], start_interpolation: 0, interpolation_duration: 1 }
$data merge entity $(text_display_dangerous) { transformation: [3.5923467876503723e-16f,-3.672511089343746e-18f,1f,0.015625000000000076f,0.029988328813668495f,0.6868456523375273f,-1.0611404993250976e-17f,0.255859375f,-0.6868456523375271f,0.029988328813668495f,4.286236178041095e-16f,-0.619140625f,0f,0f,0f,1f], start_interpolation: 0, interpolation_duration: 1 }
$data merge entity $(text_display_applicable) { transformation: [2.731364973649274e-16f,-2.337052511400566e-18f,1f,0.015624999999999892f,0.019083481972334497f,0.4370835969420628f,-9.275946415307794e-18f,0.57421875f,-0.4370835969420627f,0.019083481972334497f,3.980365876352576e-16f,0.876953125f,0f,0f,0f,1f], start_interpolation: 0, interpolation_duration: 1 }
$data merge entity $(text_display_controls) { transformation: [2.7298361043455733e-16f,-4.6696563105163e-18f,0.9999999999999999f,0.01562500000000011f,0.03813063745210045f,0.4358351804151387f,-1.8547444118330757e-17f,1.02734375f,-0.43583518041513863f,0.03813063745210045f,3.978837007048875e-16f,-0.90625f,0f,0f,0f,1f], start_interpolation: 0, interpolation_duration: 1 }